)O+_06 Small-body initial data  (WARNING: Do not delete this line!!)
) Lines beginning with `)' are ignored.
)----------------------------------------------------------------------
 style (Cartesian, Asteroidal, Cometary) = Ast
)---------------------------------------------------------------------
A1  ep = 2450400.5
3.04525 0.0404213 2.60635 98.553 137.284 257.403 0 0 0
A2  ep = 2450400.5
2.7592 0.0349109 0.469473 315.262 153.696 291.856 0 0 0
A3  ep = 2450400.5
3.47961 0.0201048 9.01127 97.6628 302.197 123.835 0 0 0
A4  ep = 2450400.5
2.70692 0.0629467 2.44465 86.2087 220.189 84.625 0 0 0
A5  ep = 2450400.5
3.98455 0.0447735 8.07704 159.015 341.575 62.7544 0 0 0
A6  ep = 2450400.5
2.66404 0.0619106 4.30806 80.8796 38.6806 315.667 0 0 0
A7  ep = 2450400.5
1.82343 0.0359619 5.10919 311.108 54.7482 286.234 0 0 0
A8  ep = 2450400.5
2.94873 0.0757448 5.42812 147.104 55.3327 195.633 0 0 0
A9  ep = 2450400.5
3.91017 0.0449839 5.43863 1.82884 80.5384 35.6561 0 0 0
A10  ep = 2450400.5
3.80127 0.0482749 5.56415 123.733 229.936 351.089 0 0 0
A11  ep = 2450400.5
2.56521 0.0408514 7.8935 303.816 51.2195 355.32 0 0 0
A12  ep = 2450400.5
2.14551 0.0181492 6.33546 184.088 127.466 117.531 0 0 0
A13  ep = 2450400.5
2.49152 0.0941808 7.97352 307.618 62.8842 332.99 0 0 0
A14  ep = 2450400.5
1.64485 0.0308885 0.43528 355.713 55.98 45.4932 0 0 0
A15  ep = 2450400.5
4.08229 0.0209321 8.05897 219.49 103.483 46.1136 0 0 0
A16  ep = 2450400.5
3.13478 0.0600327 4.70047 45.8922 122.634 351.958 0 0 0
A17  ep = 2450400.5
1.72142 0.0577842 9.78381 251.78 154.053 136.878 0 0 0
A18  ep = 2450400.5
1.72502 0.0138426 1.52335 44.7703 101.883 302.16 0 0 0
A19  ep = 2450400.5
2.77972 0.0593775 9.56892 334.094 7.72196 43.7994 0 0 0
A20  ep = 2450400.5
2.39174 0.092819 4.0917 298.973 306.001 65.3053 0 0 0
A21  ep = 2450400.5
2.96633 0.0646254 4.59405 256.619 41.3951 153.871 0 0 0
A22  ep = 2450400.5
2.26483 0.00140772 6.59468 256.424 219.398 267.012 0 0 0
A23  ep = 2450400.5
3.00931 0.0392055 1.26901 324.649 313.053 138.516 0 0 0
A24  ep = 2450400.5
1.80167 0.0608209 5.17072 133.627 353.08 58.8599 0 0 0
A25  ep = 2450400.5
2.11359 0.0173277 6.26498 153.408 195.096 113.384 0 0 0
A26  ep = 2450400.5
4.05079 0.0190849 2.60416 91.7122 307.394 114.875 0 0 0
A27  ep = 2450400.5
3.42488 0.0008536 8.46449 309.423 89.8783 224.767 0 0 0
A28  ep = 2450400.5
2.21779 0.0465601 1.35031 11.1601 334.782 266.241 0 0 0
A29  ep = 2450400.5
1.84105 0.0436881 4.65339 97.4115 254.018 123.946 0 0 0
A30  ep = 2450400.5
3.99345 0.098721 3.04281 87.8103 335.389 41.8147 0 0 0
A31  ep = 2450400.5
2.59666 0.0404395 8.67499 76.0882 141.457 207.08 0 0 0
A32  ep = 2450400.5
3.61013 0.0130796 6.29006 43.0886 184.636 276.802 0 0 0
A33  ep = 2450400.5
1.88155 0.0295018 3.37496 90.3858 293.668 173.688 0 0 0
A34  ep = 2450400.5
1.63471 0.0520273 8.23267 319.943 342.836 139.581 0 0 0
A35  ep = 2450400.5
2.32037 0.0558781 7.43069 121.994 96.5262 326.572 0 0 0
A36  ep = 2450400.5
3.97444 0.0273414 6.27673 58.8795 22.5092 35.7903 0 0 0
A37  ep = 2450400.5
2.76605 0.0202523 2.79801 183.167 148.66 350.898 0 0 0
A38  ep = 2450400.5
1.76792 0.0389043 1.6483 347.849 332.077 168.397 0 0 0
A39  ep = 2450400.5
2.69816 0.0569597 9.2231 137.25 210.741 53.9975 0 0 0
A40  ep = 2450400.5
3.17464 0.0981285 8.46427 279.184 183.557 77.2398 0 0 0
A41  ep = 2450400.5
1.54555 0.0952788 1.51544 345.602 356.688 93.8469 0 0 0
A42  ep = 2450400.5
2.56554 0.0504299 6.75747 300.129 231.416 315.501 0 0 0
A43  ep = 2450400.5
2.04981 0.0986213 6.27492 45.2303 130.508 181.336 0 0 0
A44  ep = 2450400.5
1.55048 0.0381165 7.24055 166.378 50.3101 302.194 0 0 0
A45  ep = 2450400.5
2.2128 0.0515848 2.85643 181.707 102.875 275.091 0 0 0
A46  ep = 2450400.5
3.67525 0.00128893 8.63065 55.7421 347.033 259.453 0 0 0
A47  ep = 2450400.5
1.60555 0.0351557 5.62105 30.672 143.526 258.6 0 0 0
A48  ep = 2450400.5
2.39499 0.0667463 3.04897 102.37 235.011 287.558 0 0 0
A49  ep = 2450400.5
2.94663 0.00913406 4.16208 74.3408 244.79 132.164 0 0 0
A50  ep = 2450400.5
1.86968 0.00753774 3.86864 283.705 193.356 251.648 0 0 0
A51  ep = 2450400.5
1.53223 0.0257065 6.48444 216.452 56.3495 157.413 0 0 0
A52  ep = 2450400.5
3.64 0.087613 4.11672 300.59 36.243 201.012 0 0 0
A53  ep = 2450400.5
3.38615 0.0284438 2.54674 62.071 21.1165 293.161 0 0 0
A54  ep = 2450400.5
3.06947 0.05015 0.715313 270.329 79.0626 88.2498 0 0 0
A55  ep = 2450400.5
2.17183 0.0525091 7.20389 182.826 355.036 292.828 0 0 0
A56  ep = 2450400.5
3.48139 0.0976243 5.70962 263.576 353.02 116.684 0 0 0
A57  ep = 2450400.5
3.42707 0.00598821 5.43826 7.42556 321.305 63.3401 0 0 0
A58  ep = 2450400.5
1.82146 0.0757483 6.01567 248.418 37.3003 12.4606 0 0 0
A59  ep = 2450400.5
2.97134 0.0858288 6.25067 347.59 179.915 323.257 0 0 0
A60  ep = 2450400.5
3.23025 0.0544184 7.10777 134.825 86.9912 98.8046 0 0 0
A61  ep = 2450400.5
2.2731 0.0457295 1.75578 322.945 11.5815 185.001 0 0 0
A62  ep = 2450400.5
1.65262 0.0559368 7.29507 67.2093 313.951 99.7478 0 0 0
A63  ep = 2450400.5
1.76869 0.0143419 8.43598 29.0686 206.592 176.326 0 0 0
A64  ep = 2450400.5
2.94696 0.0834614 9.35174 182.236 29.6222 267.004 0 0 0
A65  ep = 2450400.5
3.76532 0.0438423 6.58283 176.826 109.694 25.8051 0 0 0
A66  ep = 2450400.5
3.40548 0.0351113 5.15328 228.186 72.6833 18.5677 0 0 0
A67  ep = 2450400.5
2.65516 0.0528967 6.35359 354.68 176.103 14.2786 0 0 0
A68  ep = 2450400.5
3.11312 0.0155621 8.52382 170.234 347.472 16.4627 0 0 0
A69  ep = 2450400.5
2.05623 0.0362361 7.19693 223.595 79.6695 40.4412 0 0 0
A70  ep = 2450400.5
3.3203 0.058732 4.09396 18.5192 184.118 132.527 0 0 0
A71  ep = 2450400.5
3.11584 0.0178622 4.10566 254.18 37.6847 156.26 0 0 0
A72  ep = 2450400.5
2.22774 0.00850306 2.10946 199.169 151.974 309.671 0 0 0
A73  ep = 2450400.5
3.32834 0.0527479 0.343399 197.133 303.07 292.998 0 0 0
A74  ep = 2450400.5
1.82798 0.0685908 5.05859 210.539 296.636 115.664 0 0 0
A75  ep = 2450400.5
3.46028 0.00817847 8.55567 96.959 245.085 289.656 0 0 0
A76  ep = 2450400.5
3.07781 0.0414521 5.85656 191.046 313.706 213.276 0 0 0
A77  ep = 2450400.5
2.9399 0.0840895 8.92049 161.353 209.571 99.9166 0 0 0
A78  ep = 2450400.5
3.12708 0.0586879 9.67145 128.943 355.736 246.507 0 0 0
A79  ep = 2450400.5
1.52155 0.0512555 9.50921 149.985 247.576 294.74 0 0 0
A80  ep = 2450400.5
3.50611 0.0866102 0.579432 142.533 330.727 103.654 0 0 0
A81  ep = 2450400.5
3.27474 0.0387071 4.50066 224.935 29.9079 356.617 0 0 0
A82  ep = 2450400.5
1.9661 0.092414 2.02859 154.259 81.6658 70.2612 0 0 0
A83  ep = 2450400.5
1.52257 0.051862 5.45392 136.035 102.524 164.455 0 0 0
A84  ep = 2450400.5
1.65963 0.0483575 2.44306 16.9422 296.782 225.753 0 0 0
A85  ep = 2450400.5
1.58463 0.014966 5.33688 187.117 318.914 17.7805 0 0 0
A86  ep = 2450400.5
1.90852 0.0600291 2.08308 44.2107 161.758 274.797 0 0 0
A87  ep = 2450400.5
2.74931 0.0346876 7.94659 231.505 131.863 14.3008 0 0 0
A88  ep = 2450400.5
3.46476 0.0786027 2.76 161.748 73.7627 7.65649 0 0 0
A89  ep = 2450400.5
2.55722 0.0184637 7.18774 21.6559 85.4954 330.67 0 0 0
A90  ep = 2450400.5
2.08767 0.0971811 8.23398 184.642 116.849 337.634 0 0 0
A91  ep = 2450400.5
3.30139 0.0509011 6.95524 4.60207 115.092 116.485 0 0 0
A92  ep = 2450400.5
2.8245 0.018116 1.76099 294.596 50.4115 71.1568 0 0 0
A93  ep = 2450400.5
2.39913 0.0684079 1.31302 64.0102 252.387 77.8178 0 0 0
A94  ep = 2450400.5
2.19985 0.0418564 0.805984 174.837 46.0639 7.9501 0 0 0
A95  ep = 2450400.5
1.63755 0.0979146 5.50554 13.4391 218.986 354.881 0 0 0
A96  ep = 2450400.5
2.10436 0.0470033 8.83812 2.06074 304.406 270.445 0 0 0
A97  ep = 2450400.5
2.27265 0.0333482 9.82887 97.9946 204.915 251.772 0 0 0
A98  ep = 2450400.5
1.93009 0.0495101 1.15617 210.422 133.283 110.998 0 0 0
A99  ep = 2450400.5
1.82743 0.0511791 6.66295 29.3645 158.17 88.3309 0 0 0
A100  ep = 2450400.5
2.69927 0.0154126 6.39798 44.8628 54.2711 63.0505 0 0 0
A101  ep = 2450400.5
2.40757 0.0637903 9.23553 134.723 127.523 231.23 0 0 0
A102  ep = 2450400.5
2.51985 0.0430764 2.84895 26.361 211.056 6.33282 0 0 0
A103  ep = 2450400.5
3.16012 0.0923031 3.37506 35.6666 273.044 12.135 0 0 0
A104  ep = 2450400.5
4.03187 0.0617542 6.02655 342.56 253.471 309.506 0 0 0
A105  ep = 2450400.5
3.60287 0.0326524 3.89027 85.1785 312.969 266.228 0 0 0
A106  ep = 2450400.5
3.10155 0.0546216 6.25678 333.929 53.663 168.849 0 0 0
A107  ep = 2450400.5
2.05119 0.0242367 3.46076 310.179 143.101 195.285 0 0 0
A108  ep = 2450400.5
3.54117 0.0571322 7.20398 264.135 219.1 310.176 0 0 0
A109  ep = 2450400.5
3.69284 0.0113274 9.80235 71.1102 333.217 182.484 0 0 0
A110  ep = 2450400.5
3.49467 0.0791646 0.201348 320.063 101.31 191.333 0 0 0
A111  ep = 2450400.5
1.97143 0.0183749 2.26552 142.968 37.0473 349.629 0 0 0
A112  ep = 2450400.5
2.48181 0.0284247 6.33343 282.416 194.208 238.818 0 0 0
A113  ep = 2450400.5
3.94765 0.0136035 8.33835 35.8848 73.4057 35.567 0 0 0
A114  ep = 2450400.5
2.81871 0.0842378 5.8548 206.551 111.892 7.05297 0 0 0
A115  ep = 2450400.5
3.0011 0.0661629 0.990206 245.474 194.651 280.436 0 0 0
A116  ep = 2450400.5
1.61238 0.0420682 4.39885 223.544 7.83213 291.067 0 0 0
A117  ep = 2450400.5
2.12118 0.0946932 0.0861332 232.817 212.931 212.35 0 0 0
A118  ep = 2450400.5
2.98312 0.0750227 9.07217 90.2879 323.435 156.215 0 0 0
A119  ep = 2450400.5
1.74519 0.019721 6.51319 169.508 24.3307 354.319 0 0 0
A120  ep = 2450400.5
2.79367 0.0454615 7.7148 66.1589 87.2127 76.9179 0 0 0
A121  ep = 2450400.5
1.81673 0.0365356 4.53016 102.745 25.5063 75.4706 0 0 0
A122  ep = 2450400.5
1.82019 0.0954148 8.36499 335.921 196.071 120.38 0 0 0
A123  ep = 2450400.5
3.07851 0.0507393 3.74635 214.074 33.0961 203.724 0 0 0
A124  ep = 2450400.5
3.64117 0.0538936 1.89662 250.882 129.336 15.0414 0 0 0
A125  ep = 2450400.5
4.00579 0.00711716 4.18178 227.841 268.002 46.1784 0 0 0
A126  ep = 2450400.5
1.87239 0.0362919 7.58363 235.195 156.178 239.296 0 0 0
A127  ep = 2450400.5
2.37128 0.00904973 4.98871 94.2368 355.11 333.493 0 0 0
A128  ep = 2450400.5
3.38183 0.00170932 4.28481 297.443 206.019 70.4174 0 0 0
A129  ep = 2450400.5
3.35752 0.0770662 0.521616 32.1395 197.561 280.464 0 0 0
A130  ep = 2450400.5
1.80348 0.0168994 4.28446 307.007 196.448 271.628 0 0 0
A131  ep = 2450400.5
3.41225 0.0937303 3.25472 90.8233 181.9 108.278 0 0 0
A132  ep = 2450400.5
1.8613 0.0856988 7.40305 327.109 17.8615 29.3294 0 0 0
A133  ep = 2450400.5
3.1415 0.0154788 8.52849 154.396 206.714 338.01 0 0 0
A134  ep = 2450400.5
3.92288 0.0775637 7.12267 232.034 329.274 238.737 0 0 0
A135  ep = 2450400.5
2.62268 0.0535272 9.32346 167.081 306.438 344.322 0 0 0
A136  ep = 2450400.5
1.8211 0.0593732 3.85501 189.288 282.76 347.484 0 0 0
A137  ep = 2450400.5
3.38663 0.00992397 6.92158 87.4929 199.781 204.787 0 0 0
A138  ep = 2450400.5
2.09012 0.093305 7.76849 32.9426 235.765 18.7658 0 0 0
A139  ep = 2450400.5
3.82765 0.0096729 0.725041 314.172 278.935 313.74 0 0 0
A140  ep = 2450400.5
1.77786 0.0884587 4.2481 338.47 173.148 351.34 0 0 0
A141  ep = 2450400.5
2.62 0.037328 1.71986 222.011 224.646 239.042 0 0 0
A142  ep = 2450400.5
1.60547 0.0154016 6.54399 7.51801 57.0402 275.651 0 0 0
A143  ep = 2450400.5
2.95555 0.0600433 5.48285 234.448 220.045 236.899 0 0 0
A144  ep = 2450400.5
1.93201 0.0329528 0.374253 115.798 196.969 165.431 0 0 0
A145  ep = 2450400.5
1.67045 0.0485391 5.96923 334.587 50.9663 139.798 0 0 0
A146  ep = 2450400.5
3.99074 0.00140134 3.52299 10.12 284.982 326.052 0 0 0
A147  ep = 2450400.5
2.29568 0.00554806 1.46174 37.465 71.8324 118.513 0 0 0
A148  ep = 2450400.5
3.6681 0.0332385 0.396691 228.187 21.5494 347.208 0 0 0
A149  ep = 2450400.5
2.17933 0.0762857 7.33078 310.229 209.707 353.134 0 0 0
A150  ep = 2450400.5
1.78322 0.0927778 4.16142 258.438 41.4808 32.1095 0 0 0
A151  ep = 2450400.5
3.28177 0.00226286 7.31892 148.876 335.755 285.096 0 0 0
A152  ep = 2450400.5
4.03019 0.0552821 3.25735 243.119 216.918 271.654 0 0 0
A153  ep = 2450400.5
2.96976 0.0556185 3.80766 121.758 114.794 67.8442 0 0 0
A154  ep = 2450400.5
3.41706 0.0756316 3.39753 216.959 114.051 202.991 0 0 0
A155  ep = 2450400.5
3.5743 0.00211863 6.07794 33.7542 247.283 290.642 0 0 0
A156  ep = 2450400.5
2.40449 0.0361901 4.46909 215.344 13.9716 166.117 0 0 0
A157  ep = 2450400.5
3.80099 0.0668095 4.67153 254.851 95.2612 275.181 0 0 0
A158  ep = 2450400.5
2.31521 0.0844789 0.368921 91.6625 51.3632 250.06 0 0 0
A159  ep = 2450400.5
2.419 0.0564294 1.08401 292.207 348.005 19.3423 0 0 0
A160  ep = 2450400.5
3.4054 0.0737032 4.30007 268.941 109.826 193.318 0 0 0
A161  ep = 2450400.5
1.83809 0.0374369 8.02009 80.0679 356.089 16.4806 0 0 0
A162  ep = 2450400.5
4.00827 0.0655427 4.75804 65.8786 344.159 105.756 0 0 0
A163  ep = 2450400.5
2.81152 0.0373518 2.71883 347.617 128.459 157.054 0 0 0
A164  ep = 2450400.5
3.25559 0.0142534 6.57229 122.553 267.71 338.132 0 0 0
A165  ep = 2450400.5
2.35909 0.0949282 3.57497 280.609 252.763 1.32467 0 0 0
A166  ep = 2450400.5
3.43856 0.0201439 0.590905 199.813 181.147 107.291 0 0 0
A167  ep = 2450400.5
2.57321 0.0565995 5.67101 158.498 178.32 76.9538 0 0 0
A168  ep = 2450400.5
3.78077 0.036738 9.55034 93.8297 68.2966 285.113 0 0 0
A169  ep = 2450400.5
2.09572 0.0419364 7.25281 166.832 81.3634 292.328 0 0 0
A170  ep = 2450400.5
3.62332 0.0930217 5.1529 159.185 72.0239 287.509 0 0 0
A171  ep = 2450400.5
2.25484 0.0391998 2.3144 331.201 286.835 192.343 0 0 0
A172  ep = 2450400.5
2.4655 0.0732198 8.04904 55.6564 188.132 194.132 0 0 0
A173  ep = 2450400.5
4.08949 0.0100358 7.71885 273.533 245.205 334.935 0 0 0
A174  ep = 2450400.5
2.36681 0.0237238 4.25851 13.7883 38.8035 84.1693 0 0 0
A175  ep = 2450400.5
2.60015 0.0374092 4.3625 42.2509 306.782 316.477 0 0 0
A176  ep = 2450400.5
2.96615 0.0785919 6.94537 64.3419 57.8183 263.845 0 0 0
A177  ep = 2450400.5
2.87083 0.038203 2.77454 212.264 165.839 178.586 0 0 0
A178  ep = 2450400.5
1.56232 0.0279809 1.7435 53.1326 279.57 134.822 0 0 0
A179  ep = 2450400.5
3.68783 0.082717 5.23934 206.51 114.303 162.393 0 0 0
A180  ep = 2450400.5
3.98725 0.0159654 3.30362 66.7906 13.1658 187.539 0 0 0
A181  ep = 2450400.5
1.86177 0.0277136 1.82876 340.505 359.204 244.521 0 0 0
A182  ep = 2450400.5
2.99882 0.0633331 9.38881 206.601 42.1897 95.5428 0 0 0
A183  ep = 2450400.5
3.75505 0.00904969 3.98185 129.571 282.873 339.235 0 0 0
A184  ep = 2450400.5
2.63888 0.0685771 6.75666 227.123 110.472 342.666 0 0 0
A185  ep = 2450400.5
2.22366 0.00578561 3.38715 313.433 317.486 307.73 0 0 0
A186  ep = 2450400.5
2.11232 0.0632201 8.39517 29.423 87.6348 256.046 0 0 0
A187  ep = 2450400.5
1.93154 0.0719185 9.33505 138.311 322.657 133.684 0 0 0
A188  ep = 2450400.5
1.78592 0.0181243 3.15848 84.9937 28.3949 7.53752 0 0 0
A189  ep = 2450400.5
1.68866 0.0421771 9.71279 316.421 2.68346 241.928 0 0 0
A190  ep = 2450400.5
3.69682 0.0310979 5.62726 59.804 264.345 104.891 0 0 0
A191  ep = 2450400.5
2.18711 0.0199443 3.04287 331.131 212.606 325.708 0 0 0
A192  ep = 2450400.5
3.33843 0.0597773 0.771953 40.3165 178.134 287.922 0 0 0
A193  ep = 2450400.5
2.93812 0.0459094 2.98891 310.459 55.3625 78.5541 0 0 0
A194  ep = 2450400.5
3.12032 0.0565176 8.91029 194.685 1.79253 203.71 0 0 0
A195  ep = 2450400.5
3.19591 0.0456131 9.19473 69.3818 14.4019 312.77 0 0 0
A196  ep = 2450400.5
2.83969 0.0287437 5.9613 155.471 259.47 359.078 0 0 0
A197  ep = 2450400.5
3.81761 0.0221917 3.76128 86.0043 250.66 21.1017 0 0 0
A198  ep = 2450400.5
4.00061 0.0858668 1.63786 313.16 178.651 89.9332 0 0 0
A199  ep = 2450400.5
2.15943 0.0289027 9.67542 8.38671 354.455 56.7249 0 0 0
A200  ep = 2450400.5
3.84588 0.0271113 1.59605 141.649 264.755 144.69 0 0 0
A201  ep = 2450400.5
1.81836 0.0122859 9.88381 60.2238 71.827 180.506 0 0 0
A202  ep = 2450400.5
1.96472 0.0592666 3.94495 8.17849 219.895 194.408 0 0 0
A203  ep = 2450400.5
3.5091 0.035756 3.51033 93.8109 349.616 130.066 0 0 0
A204  ep = 2450400.5
2.64273 0.00887663 7.89457 286.476 160.01 84.4376 0 0 0
A205  ep = 2450400.5
1.83563 0.0909997 7.31611 4.50554 53.7873 286.102 0 0 0
A206  ep = 2450400.5
3.6929 0.0883749 1.1644 359.336 152.382 352.66 0 0 0
A207  ep = 2450400.5
1.83106 0.00982977 9.08941 244.841 333.084 147.01 0 0 0
A208  ep = 2450400.5
2.72905 0.0609442 9.88461 73.1214 155.472 12.9047 0 0 0
A209  ep = 2450400.5
3.32499 0.0451728 3.18861 48.7219 216.003 20.0199 0 0 0
A210  ep = 2450400.5
4.06398 0.07932 3.30527 167.698 149.031 238.053 0 0 0
A211  ep = 2450400.5
2.82016 0.0514154 2.39336 224.426 76.9285 138.431 0 0 0
A212  ep = 2450400.5
3.95846 0.0137939 7.33864 166.303 4.36514 63.5588 0 0 0
A213  ep = 2450400.5
2.61982 0.0676108 5.3537 330.54 185.048 197.067 0 0 0
A214  ep = 2450400.5
2.18959 0.0888717 3.66945 102.221 342.639 340.837 0 0 0
A215  ep = 2450400.5
4.0889 0.0132002 4.55155 19.0615 266.885 223.386 0 0 0
A216  ep = 2450400.5
1.68491 0.0852378 3.91579 213.224 84.7267 228.323 0 0 0
A217  ep = 2450400.5
2.12761 0.0661172 7.31251 139.631 186.86 271.479 0 0 0
A218  ep = 2450400.5
3.12107 0.0348656 6.86018 37.1649 299.824 142.116 0 0 0
A219  ep = 2450400.5
3.61881 0.0169016 6.64358 293.713 99.0052 329.317 0 0 0
A220  ep = 2450400.5
3.60713 0.0313631 2.19436 121.199 211.723 110.517 0 0 0
A221  ep = 2450400.5
2.02739 0.0116842 3.76246 174.876 172.123 122.073 0 0 0
A222  ep = 2450400.5
2.56776 0.00918629 5.94007 84.2253 187.261 38.0292 0 0 0
A223  ep = 2450400.5
1.93747 0.0249986 3.50799 245.856 319.872 253.251 0 0 0
A224  ep = 2450400.5
2.26634 0.0569225 4.96335 69.2009 352.054 103.349 0 0 0
A225  ep = 2450400.5
1.59488 0.0163143 6.94267 258.156 325.627 200.232 0 0 0
A226  ep = 2450400.5
2.82572 0.0148686 9.97362 150.843 217.166 27.6026 0 0 0
A227  ep = 2450400.5
2.17264 0.0209206 2.12361 121.361 109.539 274.545 0 0 0
A228  ep = 2450400.5
3.32994 0.052304 5.72578 5.51839 110.502 151.558 0 0 0
A229  ep = 2450400.5
2.26549 0.0407352 4.36258 97.577 88.661 293.163 0 0 0
A230  ep = 2450400.5
3.89324 0.0142466 2.42371 15.4269 149.856 17.9582 0 0 0
A231  ep = 2450400.5
3.3612 0.0137017 9.84117 253.868 262.992 10.6916 0 0 0
A232  ep = 2450400.5
4.04884 0.0202346 3.83039 11.2294 26.913 52.4262 0 0 0
A233  ep = 2450400.5
2.80227 0.0901368 4.29837 263.383 260.325 138.719 0 0 0
A234  ep = 2450400.5
2.50231 0.0542663 6.52932 347.287 123.795 109.708 0 0 0
A235  ep = 2450400.5
3.01719 0.0443364 8.61643 93.8013 261.585 229.061 0 0 0
A236  ep = 2450400.5
2.52712 0.0603171 1.49258 137.817 55.8747 46.2125 0 0 0
A237  ep = 2450400.5
2.79678 0.039668 4.00225 193.209 345.062 327.135 0 0 0
A238  ep = 2450400.5
3.27283 0.0924526 4.50065 221.614 343.729 261.089 0 0 0
A239  ep = 2450400.5
2.58935 0.0866568 6.40086 97.0682 191.789 33.5855 0 0 0
A240  ep = 2450400.5
3.04455 0.047475 5.12099 31.2302 10.8604 258.946 0 0 0
A241  ep = 2450400.5
2.02617 0.0282919 2.02719 139.218 154.527 89.1225 0 0 0
A242  ep = 2450400.5
3.76881 0.09084 9.47908 173.564 183.226 224.666 0 0 0
A243  ep = 2450400.5
2.75216 0.0127079 8.81886 288.6 317.829 216.901 0 0 0
A244  ep = 2450400.5
3.15148 0.0488195 7.09716 175.821 162.448 326.658 0 0 0
A245  ep = 2450400.5
3.5457 0.076622 5.85462 31.655 351.232 114.172 0 0 0
A246  ep = 2450400.5
1.88067 0.0992329 4.07115 63.8952 103.065 189.552 0 0 0
A247  ep = 2450400.5
3.12258 0.0768163 1.52112 347.221 217.469 25.7901 0 0 0
A248  ep = 2450400.5
3.08057 0.06995 6.49651 313.761 16.027 313.071 0 0 0
A249  ep = 2450400.5
3.76583 0.0134164 0.897181 182.911 288.338 74.4426 0 0 0
A250  ep = 2450400.5
3.12012 0.00648942 1.67618 154.192 110.886 108.775 0 0 0
A251  ep = 2450400.5
2.14464 0.00708769 1.22772 87.6946 43.4715 311.125 0 0 0
A252  ep = 2450400.5
3.08188 0.0408769 0.187299 189.075 99.3744 282.502 0 0 0
A253  ep = 2450400.5
3.71066 0.0657284 4.97979 50.7016 230.564 82.9374 0 0 0
A254  ep = 2450400.5
1.97825 0.0176784 3.20699 196.5 277.443 2.1274 0 0 0
A255  ep = 2450400.5
1.8975 0.0721355 2.82139 183.433 281.198 113.509 0 0 0
A256  ep = 2450400.5
2.61162 0.0883622 9.02974 109.473 22.0525 310.147 0 0 0
A257  ep = 2450400.5
2.37778 0.0139658 4.2351 174.229 308.297 33.3144 0 0 0
A258  ep = 2450400.5
3.9786 0.0271518 4.40965 78.8641 9.24814 195.498 0 0 0
A259  ep = 2450400.5
3.8728 0.0114011 1.18025 37.5304 263.167 140.508 0 0 0
A260  ep = 2450400.5
3.4825 0.0482184 0.0653387 29.8425 63.0689 188.368 0 0 0
A261  ep = 2450400.5
3.27252 0.0621579 0.878638 74.887 143.803 238.086 0 0 0
A262  ep = 2450400.5
3.38079 0.0542391 2.9587 104.512 18.1303 48.5111 0 0 0
A263  ep = 2450400.5
1.8783 0.00796036 4.89689 39.585 151.083 121.298 0 0 0
A264  ep = 2450400.5
4.08561 0.0500988 8.10263 327.34 345.701 198.061 0 0 0
A265  ep = 2450400.5
3.8561 0.0993876 1.06892 83.2554 78.864 138.205 0 0 0
A266  ep = 2450400.5
3.87221 0.0032039 3.4796 11.1063 286.764 285.255 0 0 0
A267  ep = 2450400.5
2.0384 0.0395544 6.9044 84.3908 170.179 200.192 0 0 0
A268  ep = 2450400.5
1.84434 0.0187854 5.25776 282.879 208.91 159.669 0 0 0
A269  ep = 2450400.5
4.04106 0.0970492 5.06721 41.0866 34.6126 140.321 0 0 0
A270  ep = 2450400.5
1.86381 0.06719 6.61514 45.3911 205.7 41.7734 0 0 0
A271  ep = 2450400.5
3.35202 0.0466033 9.61385 290.881 155.596 306.69 0 0 0
A272  ep = 2450400.5
2.32516 0.034597 7.71648 340.303 301.352 182.525 0 0 0
A273  ep = 2450400.5
2.12673 0.0633037 0.455008 312.716 89.9938 36.2874 0 0 0
A274  ep = 2450400.5
3.54574 0.0696333 1.26498 54.0705 32.163 328.245 0 0 0
A275  ep = 2450400.5
3.82445 0.036049 5.75816 69.5923 289.161 329.76 0 0 0
A276  ep = 2450400.5
2.59987 0.0853479 0.425454 80.2795 123.021 43.6746 0 0 0
A277  ep = 2450400.5
1.53404 0.0840336 7.52502 314.475 327.363 340.372 0 0 0
A278  ep = 2450400.5
2.26413 0.0561375 9.03036 112.504 241.481 248.919 0 0 0
A279  ep = 2450400.5
3.15068 0.0425866 9.5282 156.941 19.7362 316.088 0 0 0
A280  ep = 2450400.5
4.0723 0.0574199 6.55659 351.002 314.065 243.672 0 0 0
A281  ep = 2450400.5
1.84392 0.0881758 1.70791 322.97 280.619 76.3585 0 0 0
A282  ep = 2450400.5
3.02494 0.0310357 0.166607 130.531 198.45 314.48 0 0 0
A283  ep = 2450400.5
1.72473 0.0774189 8.79471 246.359 119.094 175.382 0 0 0
A284  ep = 2450400.5
2.60534 0.0371386 4.8919 100.266 354.689 297.926 0 0 0
A285  ep = 2450400.5
3.83336 0.0628865 3.33814 226.076 5.01164 88.9833 0 0 0
A286  ep = 2450400.5
3.68455 0.0491487 9.41972 211.631 15.9973 62.7709 0 0 0
A287  ep = 2450400.5
2.5422 0.0857953 4.62109 242.881 271.647 299.642 0 0 0
A288  ep = 2450400.5
1.51674 0.0171885 1.87487 263.43 183.48 216.48 0 0 0
A289  ep = 2450400.5
1.7605 0.0908877 7.50009 103.035 83.8522 57.235 0 0 0
A290  ep = 2450400.5
1.58031 0.0517734 9.55668 334.484 80.1364 326.534 0 0 0
A291  ep = 2450400.5
3.6886 0.0551139 8.00015 241.036 157.414 278.502 0 0 0
A292  ep = 2450400.5
2.14493 0.0703383 9.76332 185.738 201.89 356.451 0 0 0
A293  ep = 2450400.5
2.20995 0.0033573 1.26134 179.737 88.0559 335.289 0 0 0
A294  ep = 2450400.5
2.76865 0.030824 5.5891 297.321 258.971 102.665 0 0 0
A295  ep = 2450400.5
3.47896 0.047173 4.36033 32.6956 137.941 105.575 0 0 0
A296  ep = 2450400.5
3.92598 0.061584 4.42516 126.466 341.929 224.426 0 0 0
A297  ep = 2450400.5
1.64759 0.005516 5.07451 339.831 288.234 288.681 0 0 0
A298  ep = 2450400.5
3.21888 0.0697577 4.16857 219.926 294.767 235.557 0 0 0
A299  ep = 2450400.5
1.82214 0.0962295 1.29581 71.8646 60.942 265.984 0 0 0
A300  ep = 2450400.5
2.73522 0.0452832 6.74244 206.658 99.7032 252.845 0 0 0
A301  ep = 2450400.5
1.82596 0.0265267 2.34904 74.1781 229.745 226.004 0 0 0
A302  ep = 2450400.5
2.50949 0.0221439 3.719 303.042 74.4396 28.6186 0 0 0
A303  ep = 2450400.5
2.72586 0.0564781 6.27453 37.0888 287.369 117.897 0 0 0
A304  ep = 2450400.5
3.7937 0.0782686 9.59651 308.657 173.44 121.693 0 0 0
A305  ep = 2450400.5
3.17808 0.0934263 8.15716 235.258 83.0146 159.872 0 0 0
A306  ep = 2450400.5
1.69402 0.000775796 3.38802 156.672 207.124 271.54 0 0 0
A307  ep = 2450400.5
2.25791 0.0126168 1.50613 145.473 207.894 27.4751 0 0 0
A308  ep = 2450400.5
2.19747 0.074145 0.550893 224.357 64.7251 211.965 0 0 0
A309  ep = 2450400.5
2.49521 0.0444562 5.74841 106.773 200.135 101.198 0 0 0
A310  ep = 2450400.5
2.29517 0.0200837 6.46479 132.889 202.388 221.802 0 0 0
A311  ep = 2450400.5
1.9371 0.0580562 8.51273 273.03 21.1947 45.2305 0 0 0
A312  ep = 2450400.5
2.75883 0.0826992 7.25622 59.719 111.144 354.726 0 0 0
A313  ep = 2450400.5
2.33131 0.0357292 8.00099 184.181 31.051 35.275 0 0 0
A314  ep = 2450400.5
2.07399 0.0929775 6.72464 183.994 75.5903 355.958 0 0 0
A315  ep = 2450400.5
1.65298 0.06284 6.52279 118.646 178.911 195.606 0 0 0
A316  ep = 2450400.5
2.72805 0.0384922 7.38591 209.198 19.6219 234.424 0 0 0
A317  ep = 2450400.5
2.12157 0.026051 5.3935 121.242 80.0118 83.1131 0 0 0
A318  ep = 2450400.5
3.58848 0.00354449 4.72234 357.415 276.156 308.624 0 0 0
A319  ep = 2450400.5
3.57148 0.0299564 5.78039 264.947 135.388 347.718 0 0 0
A320  ep = 2450400.5
2.86851 0.0643677 9.28608 96.0302 273.741 206.971 0 0 0
A321  ep = 2450400.5
2.39068 0.0452088 6.23587 9.33104 257.527 23.3599 0 0 0
A322  ep = 2450400.5
3.45225 0.041143 6.90881 150.807 181.717 206.272 0 0 0
A323  ep = 2450400.5
2.34656 0.0679996 2.68781 136.967 157.176 303.982 0 0 0
A324  ep = 2450400.5
1.83712 0.0792177 9.12416 266.668 295.107 82.7122 0 0 0
A325  ep = 2450400.5
2.15597 0.045099 0.790449 69.0395 120.719 259.197 0 0 0
A326  ep = 2450400.5
3.21014 0.0287155 0.219934 306.411 161.955 240.556 0 0 0
A327  ep = 2450400.5
3.31865 0.0461309 2.21813 141.394 5.70312 223.901 0 0 0
A328  ep = 2450400.5
2.06358 0.0932624 9.61882 164.523 40.1815 348.768 0 0 0
A329  ep = 2450400.5
2.82447 0.0490288 2.27855 294.823 275.446 246.357 0 0 0
A330  ep = 2450400.5
2.88319 0.0494529 7.54874 216.485 225.14 146.344 0 0 0
A331  ep = 2450400.5
2.57993 0.00995221 2.66825 101.61 342.045 218.253 0 0 0
A332  ep = 2450400.5
2.00167 0.0176043 7.75932 223.859 44.8731 278.7 0 0 0
A333  ep = 2450400.5
2.90854 0.0104154 7.50877 0.251801 38.6942 11.7128 0 0 0
A334  ep = 2450400.5
2.50337 0.0993612 9.63676 218.65 79.917 56.3215 0 0 0
A335  ep = 2450400.5
3.12394 0.0427201 8.97026 318.913 307.06 130.196 0 0 0
A336  ep = 2450400.5
2.76096 0.00968863 3.36758 275.286 73.6615 109.167 0 0 0
A337  ep = 2450400.5
2.49211 0.0827043 2.10846 143.605 178.3 218.602 0 0 0
A338  ep = 2450400.5
2.63412 0.0432518 7.32741 15.8766 21.2238 91.5613 0 0 0
A339  ep = 2450400.5
2.7926 0.0357515 1.74719 25.4915 111.015 313.792 0 0 0
A340  ep = 2450400.5
2.8494 0.048263 4.55892 324.315 56.9778 166.553 0 0 0
A341  ep = 2450400.5
1.63659 0.042373 9.62773 24.9222 179.084 174.93 0 0 0
A342  ep = 2450400.5
1.98105 0.067501 7.8862 110.686 22.3033 247.191 0 0 0
A343  ep = 2450400.5
1.67988 0.00977531 9.93685 69.4413 255.906 102.637 0 0 0
A344  ep = 2450400.5
1.86795 0.0721419 8.88888 16.7321 330.051 234.253 0 0 0
A345  ep = 2450400.5
2.41649 0.00309993 4.00562 320.57 191.156 232.458 0 0 0
A346  ep = 2450400.5
1.87731 0.000611971 8.85399 90.0322 301.379 218.405 0 0 0
A347  ep = 2450400.5
2.9593 0.0738522 3.34681 80.4092 276.349 347.25 0 0 0
A348  ep = 2450400.5
1.80498 0.0456462 7.75504 356.228 263.148 301.994 0 0 0
A349  ep = 2450400.5
2.49994 0.0093783 4.21042 32.3162 130.42 284.39 0 0 0
A350  ep = 2450400.5
3.30106 0.0197131 2.17274 220.717 115.688 357.846 0 0 0
A351  ep = 2450400.5
1.66035 0.0903297 5.71451 34.8899 266.871 159.426 0 0 0
A352  ep = 2450400.5
2.54618 0.0742591 6.73361 216.203 117.404 125.013 0 0 0
A353  ep = 2450400.5
2.84256 0.0456551 6.26039 95.3778 146.729 301.743 0 0 0
A354  ep = 2450400.5
3.99347 0.0729999 0.100833 147.242 308.864 3.01617 0 0 0
A355  ep = 2450400.5
4.00018 0.084198 8.16534 93.7469 272.153 289.467 0 0 0
A356  ep = 2450400.5
1.94625 0.0780429 2.67626 86.5506 274.416 26.5421 0 0 0
A357  ep = 2450400.5
3.34618 0.0119928 8.62597 22.7788 195.405 93.689 0 0 0
A358  ep = 2450400.5
1.7123 0.0163693 4.19209 69.927 185.332 6.82934 0 0 0
A359  ep = 2450400.5
2.93546 0.0430786 7.22729 18.8335 180.09 116.564 0 0 0
A360  ep = 2450400.5
2.70697 0.0180461 0.0013165 294.952 312.811 227.281 0 0 0
A361  ep = 2450400.5
3.584 0.0423452 7.9595 285.238 120.746 46.9922 0 0 0
A362  ep = 2450400.5
1.65738 0.0273339 7.00567 148.286 125.38 93.4153 0 0 0
A363  ep = 2450400.5
3.34415 0.0613557 4.04525 7.14734 358.42 290.251 0 0 0
A364  ep = 2450400.5
4.07202 0.0989244 9.22211 168.107 13.8695 255.922 0 0 0
A365  ep = 2450400.5
2.77104 0.000137939 8.18344 137.953 37.2988 169.55 0 0 0
A366  ep = 2450400.5
4.07859 0.0907484 8.08508 332.232 23.0364 153.729 0 0 0
A367  ep = 2450400.5
2.52385 0.049047 4.33066 188.031 313.481 247.769 0 0 0
A368  ep = 2450400.5
3.75521 0.0774742 0.0913795 111.475 341.649 85.0351 0 0 0
A369  ep = 2450400.5
4.03046 0.00666639 6.42071 233.266 204.009 215.332 0 0 0
A370  ep = 2450400.5
3.38783 0.0896833 4.078 31.1098 99.8866 343.059 0 0 0
A371  ep = 2450400.5
1.93785 0.0216806 7.8543 303.58 77.5392 221.791 0 0 0
A372  ep = 2450400.5
2.63793 0.0886876 2.73289 286.655 210.271 277.961 0 0 0
A373  ep = 2450400.5
2.13953 0.0342971 7.31222 314.28 79.1198 66.5183 0 0 0
A374  ep = 2450400.5
2.54423 0.00950512 8.52535 226.277 172.205 188.273 0 0 0
A375  ep = 2450400.5
2.3741 0.0777681 2.48094 154.513 14.0761 328.66 0 0 0
A376  ep = 2450400.5
3.36621 0.0670498 1.06268 274.136 99.3606 86.9756 0 0 0
A377  ep = 2450400.5
2.08929 0.0668591 1.00799 301.505 190.136 306.977 0 0 0
A378  ep = 2450400.5
2.08826 0.0417892 6.50951 49.6929 155.292 187.41 0 0 0
A379  ep = 2450400.5
2.20359 0.0956922 2.98494 178.837 47.7627 266.761 0 0 0
A380  ep = 2450400.5
1.64357 0.0629041 2.28374 274.496 343.084 349.118 0 0 0
A381  ep = 2450400.5
1.79351 0.078489 4.64026 7.50145 238.729 247.13 0 0 0
A382  ep = 2450400.5
2.88829 0.0816932 1.17119 279.867 288.381 285.903 0 0 0
A383  ep = 2450400.5
3.75252 0.02191 0.408158 12.9821 310.333 280.58 0 0 0
A384  ep = 2450400.5
2.2624 0.0825788 9.02315 99.349 256.373 170.961 0 0 0
A385  ep = 2450400.5
3.05319 0.0295976 1.46102 147.874 198.334 236.593 0 0 0
A386  ep = 2450400.5
2.64734 0.0582554 3.98153 17.9636 54.0002 66.5329 0 0 0
A387  ep = 2450400.5
4.0982 0.0863701 3.22097 296.411 265.997 326.365 0 0 0
A388  ep = 2450400.5
2.47847 0.0486021 2.55115 97.9643 118.089 186.165 0 0 0
A389  ep = 2450400.5
3.7283 0.0848675 2.68303 133.762 151.739 93.7298 0 0 0
A390  ep = 2450400.5
4.07865 0.0105633 7.37144 81.8828 128.531 214.156 0 0 0
A391  ep = 2450400.5
3.10684 0.0998612 3.67363 208.427 347.773 190.274 0 0 0
A392  ep = 2450400.5
3.93115 0.0194075 5.81371 6.37773 189.049 195.679 0 0 0
A393  ep = 2450400.5
2.78055 0.0919173 6.53959 189.122 100.115 356.573 0 0 0
A394  ep = 2450400.5
3.87063 0.0929014 4.93732 134.593 147.988 14.8888 0 0 0
A395  ep = 2450400.5
1.5586 0.0788039 2.57846 276.105 351.477 173.724 0 0 0
A396  ep = 2450400.5
1.80038 0.0932741 4.58458 20.4234 52.394 27.0585 0 0 0
A397  ep = 2450400.5
3.06131 0.0474096 1.12755 222.369 181.303 45.9258 0 0 0
A398  ep = 2450400.5
3.78167 0.0570238 1.99008 202.916 319.145 246.734 0 0 0
A399  ep = 2450400.5
1.68356 0.0942847 1.42509 175.857 290.179 359.098 0 0 0
A400  ep = 2450400.5
2.12216 0.00678279 8.98278 184.814 230.981 3.72664 0 0 0
A401  ep = 2450400.5
3.18859 0.0407536 5.45532 71.3766 334.757 293.737 0 0 0
A402  ep = 2450400.5
3.64527 0.0105533 2.68493 306.492 56.5194 337.511 0 0 0
A403  ep = 2450400.5
2.83631 0.0244164 1.66462 23.7295 120.332 301.891 0 0 0
A404  ep = 2450400.5
3.27936 0.0433826 1.31048 177.863 292.348 257.643 0 0 0
A405  ep = 2450400.5
1.62945 0.0563056 8.28438 28.8117 291.681 185.971 0 0 0
A406  ep = 2450400.5
1.57682 0.0510973 4.92461 81.5824 239.357 21.635 0 0 0
A407  ep = 2450400.5
1.86373 0.00327941 6.16997 243.069 302.446 112.536 0 0 0
A408  ep = 2450400.5
3.0089 0.0412169 2.31871 84.6531 39.6857 192.709 0 0 0
A409  ep = 2450400.5
2.73037 0.0899674 4.81643 243.338 338.877 115.634 0 0 0
A410  ep = 2450400.5
3.00385 0.0188061 3.73667 206.512 202.34 74.5657 0 0 0
A411  ep = 2450400.5
3.53273 0.0899529 2.37581 109.596 152.078 32.0061 0 0 0
A412  ep = 2450400.5
1.7985 0.0799702 2.59686 196.155 4.69955 56.1481 0 0 0
A413  ep = 2450400.5
1.89625 0.093083 7.46184 126.804 311.758 111.007 0 0 0
A414  ep = 2450400.5
3.59009 0.0343197 1.10404 177.769 307.117 25.3055 0 0 0
A415  ep = 2450400.5
3.49368 0.0100077 4.99012 176.019 124.577 115.343 0 0 0
A416  ep = 2450400.5
3.08192 0.0364508 5.28943 32.1462 107.298 191.887 0 0 0
A417  ep = 2450400.5
3.62817 0.00934827 9.16445 260.096 79.6041 112.891 0 0 0
A418  ep = 2450400.5
4.07944 0.0555117 4.85961 52.1848 219.344 136.367 0 0 0
A419  ep = 2450400.5
4.04905 0.0508557 3.32036 355.92 81.5382 176.862 0 0 0
A420  ep = 2450400.5
3.08453 0.0865498 1.42988 194.327 95.8631 276.314 0 0 0
A421  ep = 2450400.5
1.5529 0.0419078 1.43882 127.509 232.301 191.279 0 0 0
A422  ep = 2450400.5
2.59984 0.0262461 5.18896 237.917 354.655 258.885 0 0 0
A423  ep = 2450400.5
4.08741 0.00951782 5.66082 132.723 229.942 325.679 0 0 0
A424  ep = 2450400.5
2.52313 0.0847906 8.74887 163.694 35.3569 75.0093 0 0 0
A425  ep = 2450400.5
3.71512 0.0546418 3.64588 137.235 86.0564 125.861 0 0 0
A426  ep = 2450400.5
2.84959 0.0447995 9.44885 145.148 11.3535 84.877 0 0 0
A427  ep = 2450400.5
1.63634 0.0879591 5.29349 79.8605 350.209 3.87381 0 0 0
A428  ep = 2450400.5
1.89731 0.0596743 1.46189 197.934 301.336 251.475 0 0 0
A429  ep = 2450400.5
2.16464 0.0999709 0.105475 83.7432 177.23 103.815 0 0 0
A430  ep = 2450400.5
1.50005 0.00192607 1.71449 342.982 27.3258 288.639 0 0 0
A431  ep = 2450400.5
2.59992 0.090019 2.4863 55.5345 336.169 184.578 0 0 0
A432  ep = 2450400.5
2.78475 0.0486281 1.92555 17.2026 149.214 291.859 0 0 0
A433  ep = 2450400.5
3.54772 0.00483486 0.595281 176.187 146.597 252.485 0 0 0
A434  ep = 2450400.5
3.63386 0.0380355 3.63261 69.7358 27.9314 263.308 0 0 0
A435  ep = 2450400.5
3.6456 0.0139602 4.2907 67.09 294.807 110.488 0 0 0
A436  ep = 2450400.5
2.35709 0.0166411 7.87312 38.6276 104.471 351.316 0 0 0
A437  ep = 2450400.5
3.71188 0.0696372 4.92505 342.068 51.219 152.94 0 0 0
A438  ep = 2450400.5
1.9483 0.0889689 2.00734 3.57727 101.689 92.5429 0 0 0
A439  ep = 2450400.5
3.59285 0.0550358 6.86337 56.3458 244.688 112.797 0 0 0
A440  ep = 2450400.5
2.10743 0.0728258 6.83914 48.4826 306.284 54.8294 0 0 0
A441  ep = 2450400.5
3.67101 0.00448483 6.76569 169.61 304.918 98.4906 0 0 0
A442  ep = 2450400.5
2.47369 0.0209354 2.60875 114.741 228.251 265.81 0 0 0
A443  ep = 2450400.5
3.99011 0.00872626 2.62294 195.445 62.9537 253.725 0 0 0
A444  ep = 2450400.5
2.40883 0.0204839 5.72807 165.761 314.042 87.0746 0 0 0
A445  ep = 2450400.5
3.32593 0.0686146 3.06303 117.313 257.853 110.559 0 0 0
A446  ep = 2450400.5
3.75733 0.0662868 8.82793 182.156 238.486 330.821 0 0 0
A447  ep = 2450400.5
1.65152 0.0469003 9.52831 190.857 82.6563 216.503 0 0 0
A448  ep = 2450400.5
1.71226 0.0667137 1.57569 35.8552 21.6365 295.47 0 0 0
A449  ep = 2450400.5
4.01494 0.0370764 9.43485 214.571 268.867 203.156 0 0 0
A450  ep = 2450400.5
2.61457 0.0478027 3.20776 249.163 66.1981 301.699 0 0 0
A451  ep = 2450400.5
2.74135 0.00617085 8.13421 171.661 256.277 118.876 0 0 0
A452  ep = 2450400.5
3.48213 0.0158643 4.31806 140.315 247.963 238.655 0 0 0
A453  ep = 2450400.5
3.55147 0.0101862 4.99588 223.688 31.4041 93.1552 0 0 0
A454  ep = 2450400.5
2.63045 0.0867961 9.82021 273.233 124.29 148.201 0 0 0
A455  ep = 2450400.5
2.31246 0.00268132 7.6497 225.721 115.331 84.2236 0 0 0
A456  ep = 2450400.5
3.11382 0.0736575 3.62196 296.05 49.7983 102.868 0 0 0
A457  ep = 2450400.5
1.97673 0.0326463 4.85682 169.007 47.1212 143.081 0 0 0
A458  ep = 2450400.5
3.41922 0.0234193 3.07873 325.077 103.133 0.464914 0 0 0
A459  ep = 2450400.5
2.96411 0.00968287 2.3992 33.2175 276.24 50.1483 0 0 0
A460  ep = 2450400.5
3.43063 0.0580987 0.64308 350.859 228.376 305.075 0 0 0
A461  ep = 2450400.5
3.97671 0.0297727 1.89148 186.263 113.04 168.297 0 0 0
A462  ep = 2450400.5
2.9988 0.058498 2.75779 300.32 351.977 75.2524 0 0 0
A463  ep = 2450400.5
3.45381 0.0639656 6.69408 53.9789 68.3303 213.777 0 0 0
A464  ep = 2450400.5
3.02227 0.0235963 0.825822 207.235 77.4702 52.4058 0 0 0
A465  ep = 2450400.5
2.3404 0.066156 5.84266 287.088 257.122 25.472 0 0 0
A466  ep = 2450400.5
4.04507 0.0305728 4.37338 41.0116 184.313 321.311 0 0 0
A467  ep = 2450400.5
4.03906 0.095389 3.02878 51.281 257.318 346.216 0 0 0
A468  ep = 2450400.5
2.54626 0.0414355 5.06657 117.327 353.645 187.529 0 0 0
A469  ep = 2450400.5
3.28137 0.0719299 5.25567 212.88 272.868 153.621 0 0 0
A470  ep = 2450400.5
1.80519 0.072974 6.74394 111.293 278.54 111.561 0 0 0
A471  ep = 2450400.5
2.69466 0.0419592 7.07884 90.8274 74.619 291.794 0 0 0
A472  ep = 2450400.5
3.69792 0.0366433 6.64531 338.248 147.07 79.3977 0 0 0
A473  ep = 2450400.5
2.33933 0.075127 4.60169 44.5998 12.5592 338.84 0 0 0
A474  ep = 2450400.5
2.19358 0.0917376 4.34218 342.19 144.883 162.732 0 0 0
A475  ep = 2450400.5
2.17095 0.0349305 3.77743 140.453 260.359 50.1094 0 0 0
A476  ep = 2450400.5
2.2335 0.0105471 8.64289 85.4213 327.226 336.756 0 0 0
A477  ep = 2450400.5
1.86006 0.039517 4.62588 225.4 211.916 315.731 0 0 0
A478  ep = 2450400.5
2.92657 0.0466735 2.41984 249.198 77.1132 348.976 0 0 0
A479  ep = 2450400.5
4.01134 0.0967332 1.95174 337.267 56.1539 235.118 0 0 0
A480  ep = 2450400.5
3.20883 0.0850533 5.9015 211.742 258.448 214.247 0 0 0
A481  ep = 2450400.5
1.9997 0.0122329 6.98452 282.968 263.529 30.5432 0 0 0
A482  ep = 2450400.5
1.81461 0.0215374 7.78244 228.577 255.102 327.877 0 0 0
A483  ep = 2450400.5
2.86924 0.0974062 3.0595 38.9014 117.258 359.357 0 0 0
A484  ep = 2450400.5
2.92959 0.0414201 4.47067 145.62 96.2106 69.4885 0 0 0
A485  ep = 2450400.5
1.57543 0.0804734 4.1708 82.8359 26.6419 315.443 0 0 0
A486  ep = 2450400.5
2.06071 0.0760767 9.21499 79.711 355.364 112.762 0 0 0
A487  ep = 2450400.5
1.52454 0.0569324 2.62021 37.1144 243.477 191.835 0 0 0
A488  ep = 2450400.5
1.68189 0.0703454 6.94689 20.1754 98.7466 290.961 0 0 0
A489  ep = 2450400.5
2.66925 0.034593 7.04284 205.086 254.478 192.253 0 0 0
A490  ep = 2450400.5
3.25876 0.0952418 2.29398 43.7297 177.831 343.388 0 0 0
A491  ep = 2450400.5
3.95807 0.0235922 0.142213 35.3764 88.8503 185.2 0 0 0
A492  ep = 2450400.5
3.70793 0.0584438 9.65362 276.073 99.3656 127.709 0 0 0
A493  ep = 2450400.5
2.00309 0.0561476 0.730363 80.3145 74.5161 245.716 0 0 0
A494  ep = 2450400.5
3.51947 0.0829628 3.55546 270.522 243.564 175.25 0 0 0
A495  ep = 2450400.5
1.90891 0.042376 7.14266 77.2188 25.972 91.1831 0 0 0
A496  ep = 2450400.5
3.8107 0.0928977 9.32305 154.398 105.685 122.498 0 0 0
A497  ep = 2450400.5
1.62159 0.0860483 8.14566 179.644 274.898 184.517 0 0 0
A498  ep = 2450400.5
1.55368 0.0202866 1.57481 268.323 94.3457 40.517 0 0 0
A499  ep = 2450400.5
2.71029 0.0325982 2.78026 27.2493 16.9135 239.59 0 0 0
A500  ep = 2450400.5
3.60629 0.0160996 7.85873 136.482 0.312416 149.206 0 0 0
