)O+_06 Small-body initial data  (WARNING: Do not delete this line!!)
) Lines beginning with `)' are ignored.
)----------------------------------------------------------------------
 style (Cartesian, Asteroidal, Cometary) = Ast
)---------------------------------------------------------------------
A1  ep = 2450400.5
3.04525 0.0404213 2.60635 98.553 137.284 257.403 0 0 0
A2  ep = 2450400.5
2.7592 0.0349109 0.469473 315.262 153.696 291.856 0 0 0
A3  ep = 2450400.5
3.47961 0.0201048 9.01127 97.6628 302.197 123.835 0 0 0
A4  ep = 2450400.5
2.70692 0.0629467 2.44465 86.2087 220.189 84.625 0 0 0
A5  ep = 2450400.5
3.98455 0.0447735 8.07704 159.015 341.575 62.7544 0 0 0
A6  ep = 2450400.5
2.66404 0.0619106 4.30806 80.8796 38.6806 315.667 0 0 0
A7  ep = 2450400.5
1.82343 0.0359619 5.10919 311.108 54.7482 286.234 0 0 0
A8  ep = 2450400.5
2.94873 0.0757448 5.42812 147.104 55.3327 195.633 0 0 0
A9  ep = 2450400.5
3.91017 0.0449839 5.43863 1.82884 80.5384 35.6561 0 0 0
A10  ep = 2450400.5
3.80127 0.0482749 5.56415 123.733 229.936 351.089 0 0 0
A11  ep = 2450400.5
2.56521 0.0408514 7.8935 303.816 51.2195 355.32 0 0 0
A12  ep = 2450400.5
2.14551 0.0181492 6.33546 184.088 127.466 117.531 0 0 0
A13  ep = 2450400.5
2.49152 0.0941808 7.97352 307.618 62.8842 332.99 0 0 0
A14  ep = 2450400.5
1.64485 0.0308885 0.43528 355.713 55.98 45.4932 0 0 0
A15  ep = 2450400.5
4.08229 0.0209321 8.05897 219.49 103.483 46.1136 0 0 0
A16  ep = 2450400.5
3.13478 0.0600327 4.70047 45.8922 122.634 351.958 0 0 0
A17  ep = 2450400.5
1.72142 0.0577842 9.78381 251.78 154.053 136.878 0 0 0
A18  ep = 2450400.5
1.72502 0.0138426 1.52335 44.7703 101.883 302.16 0 0 0
A19  ep = 2450400.5
2.77972 0.0593775 9.56892 334.094 7.72196 43.7994 0 0 0
A20  ep = 2450400.5
2.39174 0.092819 4.0917 298.973 306.001 65.3053 0 0 0
A21  ep = 2450400.5
2.96633 0.0646254 4.59405 256.619 41.3951 153.871 0 0 0
A22  ep = 2450400.5
2.26483 0.00140772 6.59468 256.424 219.398 267.012 0 0 0
A23  ep = 2450400.5
3.00931 0.0392055 1.26901 324.649 313.053 138.516 0 0 0
A24  ep = 2450400.5
1.80167 0.0608209 5.17072 133.627 353.08 58.8599 0 0 0
A25  ep = 2450400.5
2.11359 0.0173277 6.26498 153.408 195.096 113.384 0 0 0
A26  ep = 2450400.5
4.05079 0.0190849 2.60416 91.7122 307.394 114.875 0 0 0
A27  ep = 2450400.5
3.42488 0.0008536 8.46449 309.423 89.8783 224.767 0 0 0
A28  ep = 2450400.5
2.21779 0.0465601 1.35031 11.1601 334.782 266.241 0 0 0
A29  ep = 2450400.5
1.84105 0.0436881 4.65339 97.4115 254.018 123.946 0 0 0
A30  ep = 2450400.5
3.99345 0.098721 3.04281 87.8103 335.389 41.8147 0 0 0
A31  ep = 2450400.5
2.59666 0.0404395 8.67499 76.0882 141.457 207.08 0 0 0
A32  ep = 2450400.5
3.61013 0.0130796 6.29006 43.0886 184.636 276.802 0 0 0
A33  ep = 2450400.5
1.88155 0.0295018 3.37496 90.3858 293.668 173.688 0 0 0
A34  ep = 2450400.5
1.63471 0.0520273 8.23267 319.943 342.836 139.581 0 0 0
A35  ep = 2450400.5
2.32037 0.0558781 7.43069 121.994 96.5262 326.572 0 0 0
A36  ep = 2450400.5
3.97444 0.0273414 6.27673 58.8795 22.5092 35.7903 0 0 0
A37  ep = 2450400.5
2.76605 0.0202523 2.79801 183.167 148.66 350.898 0 0 0
A38  ep = 2450400.5
1.76792 0.0389043 1.6483 347.849 332.077 168.397 0 0 0
A39  ep = 2450400.5
2.69816 0.0569597 9.2231 137.25 210.741 53.9975 0 0 0
A40  ep = 2450400.5
3.17464 0.0981285 8.46427 279.184 183.557 77.2398 0 0 0
A41  ep = 2450400.5
1.54555 0.0952788 1.51544 345.602 356.688 93.8469 0 0 0
A42  ep = 2450400.5
2.56554 0.0504299 6.75747 300.129 231.416 315.501 0 0 0
A43  ep = 2450400.5
2.04981 0.0986213 6.27492 45.2303 130.508 181.336 0 0 0
A44  ep = 2450400.5
1.55048 0.0381165 7.24055 166.378 50.3101 302.194 0 0 0
A45  ep = 2450400.5
2.2128 0.0515848 2.85643 181.707 102.875 275.091 0 0 0
A46  ep = 2450400.5
3.67525 0.00128893 8.63065 55.7421 347.033 259.453 0 0 0
A47  ep = 2450400.5
1.60555 0.0351557 5.62105 30.672 143.526 258.6 0 0 0
A48  ep = 2450400.5
2.39499 0.0667463 3.04897 102.37 235.011 287.558 0 0 0
A49  ep = 2450400.5
2.94663 0.00913406 4.16208 74.3408 244.79 132.164 0 0 0
A50  ep = 2450400.5
1.86968 0.00753774 3.86864 283.705 193.356 251.648 0 0 0
A51  ep = 2450400.5
1.53223 0.0257065 6.48444 216.452 56.3495 157.413 0 0 0
A52  ep = 2450400.5
3.64 0.087613 4.11672 300.59 36.243 201.012 0 0 0
A53  ep = 2450400.5
3.38615 0.0284438 2.54674 62.071 21.1165 293.161 0 0 0
A54  ep = 2450400.5
3.06947 0.05015 0.715313 270.329 79.0626 88.2498 0 0 0
A55  ep = 2450400.5
2.17183 0.0525091 7.20389 182.826 355.036 292.828 0 0 0
A56  ep = 2450400.5
3.48139 0.0976243 5.70962 263.576 353.02 116.684 0 0 0
A57  ep = 2450400.5
3.42707 0.00598821 5.43826 7.42556 321.305 63.3401 0 0 0
A58  ep = 2450400.5
1.82146 0.0757483 6.01567 248.418 37.3003 12.4606 0 0 0
A59  ep = 2450400.5
2.97134 0.0858288 6.25067 347.59 179.915 323.257 0 0 0
A60  ep = 2450400.5
3.23025 0.0544184 7.10777 134.825 86.9912 98.8046 0 0 0
A61  ep = 2450400.5
2.2731 0.0457295 1.75578 322.945 11.5815 185.001 0 0 0
A62  ep = 2450400.5
1.65262 0.0559368 7.29507 67.2093 313.951 99.7478 0 0 0
A63  ep = 2450400.5
1.76869 0.0143419 8.43598 29.0686 206.592 176.326 0 0 0
A64  ep = 2450400.5
2.94696 0.0834614 9.35174 182.236 29.6222 267.004 0 0 0
A65  ep = 2450400.5
3.76532 0.0438423 6.58283 176.826 109.694 25.8051 0 0 0
A66  ep = 2450400.5
3.40548 0.0351113 5.15328 228.186 72.6833 18.5677 0 0 0
A67  ep = 2450400.5
2.65516 0.0528967 6.35359 354.68 176.103 14.2786 0 0 0
A68  ep = 2450400.5
3.11312 0.0155621 8.52382 170.234 347.472 16.4627 0 0 0
A69  ep = 2450400.5
2.05623 0.0362361 7.19693 223.595 79.6695 40.4412 0 0 0
A70  ep = 2450400.5
3.3203 0.058732 4.09396 18.5192 184.118 132.527 0 0 0
A71  ep = 2450400.5
3.11584 0.0178622 4.10566 254.18 37.6847 156.26 0 0 0
A72  ep = 2450400.5
2.22774 0.00850306 2.10946 199.169 151.974 309.671 0 0 0
A73  ep = 2450400.5
3.32834 0.0527479 0.343399 197.133 303.07 292.998 0 0 0
A74  ep = 2450400.5
1.82798 0.0685908 5.05859 210.539 296.636 115.664 0 0 0
A75  ep = 2450400.5
3.46028 0.00817847 8.55567 96.959 245.085 289.656 0 0 0
A76  ep = 2450400.5
3.07781 0.0414521 5.85656 191.046 313.706 213.276 0 0 0
A77  ep = 2450400.5
2.9399 0.0840895 8.92049 161.353 209.571 99.9166 0 0 0
A78  ep = 2450400.5
3.12708 0.0586879 9.67145 128.943 355.736 246.507 0 0 0
A79  ep = 2450400.5
1.52155 0.0512555 9.50921 149.985 247.576 294.74 0 0 0
A80  ep = 2450400.5
3.50611 0.0866102 0.579432 142.533 330.727 103.654 0 0 0
A81  ep = 2450400.5
3.27474 0.0387071 4.50066 224.935 29.9079 356.617 0 0 0
A82  ep = 2450400.5
1.9661 0.092414 2.02859 154.259 81.6658 70.2612 0 0 0
A83  ep = 2450400.5
1.52257 0.051862 5.45392 136.035 102.524 164.455 0 0 0
A84  ep = 2450400.5
1.65963 0.0483575 2.44306 16.9422 296.782 225.753 0 0 0
A85  ep = 2450400.5
1.58463 0.014966 5.33688 187.117 318.914 17.7805 0 0 0
A86  ep = 2450400.5
1.90852 0.0600291 2.08308 44.2107 161.758 274.797 0 0 0
A87  ep = 2450400.5
2.74931 0.0346876 7.94659 231.505 131.863 14.3008 0 0 0
A88  ep = 2450400.5
3.46476 0.0786027 2.76 161.748 73.7627 7.65649 0 0 0
A89  ep = 2450400.5
2.55722 0.0184637 7.18774 21.6559 85.4954 330.67 0 0 0
A90  ep = 2450400.5
2.08767 0.0971811 8.23398 184.642 116.849 337.634 0 0 0
A91  ep = 2450400.5
3.30139 0.0509011 6.95524 4.60207 115.092 116.485 0 0 0
A92  ep = 2450400.5
2.8245 0.018116 1.76099 294.596 50.4115 71.1568 0 0 0
A93  ep = 2450400.5
2.39913 0.0684079 1.31302 64.0102 252.387 77.8178 0 0 0
A94  ep = 2450400.5
2.19985 0.0418564 0.805984 174.837 46.0639 7.9501 0 0 0
A95  ep = 2450400.5
1.63755 0.0979146 5.50554 13.4391 218.986 354.881 0 0 0
A96  ep = 2450400.5
2.10436 0.0470033 8.83812 2.06074 304.406 270.445 0 0 0
A97  ep = 2450400.5
2.27265 0.0333482 9.82887 97.9946 204.915 251.772 0 0 0
A98  ep = 2450400.5
1.93009 0.0495101 1.15617 210.422 133.283 110.998 0 0 0
A99  ep = 2450400.5
1.82743 0.0511791 6.66295 29.3645 158.17 88.3309 0 0 0
A100  ep = 2450400.5
2.69927 0.0154126 6.39798 44.8628 54.2711 63.0505 0 0 0
A101  ep = 2450400.5
2.40757 0.0637903 9.23553 134.723 127.523 231.23 0 0 0
A102  ep = 2450400.5
2.51985 0.0430764 2.84895 26.361 211.056 6.33282 0 0 0
A103  ep = 2450400.5
3.16012 0.0923031 3.37506 35.6666 273.044 12.135 0 0 0
A104  ep = 2450400.5
4.03187 0.0617542 6.02655 342.56 253.471 309.506 0 0 0
A105  ep = 2450400.5
3.60287 0.0326524 3.89027 85.1785 312.969 266.228 0 0 0
A106  ep = 2450400.5
3.10155 0.0546216 6.25678 333.929 53.663 168.849 0 0 0
A107  ep = 2450400.5
2.05119 0.0242367 3.46076 310.179 143.101 195.285 0 0 0
A108  ep = 2450400.5
3.54117 0.0571322 7.20398 264.135 219.1 310.176 0 0 0
A109  ep = 2450400.5
3.69284 0.0113274 9.80235 71.1102 333.217 182.484 0 0 0
A110  ep = 2450400.5
3.49467 0.0791646 0.201348 320.063 101.31 191.333 0 0 0
A111  ep = 2450400.5
1.97143 0.0183749 2.26552 142.968 37.0473 349.629 0 0 0
A112  ep = 2450400.5
2.48181 0.0284247 6.33343 282.416 194.208 238.818 0 0 0
A113  ep = 2450400.5
3.94765 0.0136035 8.33835 35.8848 73.4057 35.567 0 0 0
A114  ep = 2450400.5
2.81871 0.0842378 5.8548 206.551 111.892 7.05297 0 0 0
A115  ep = 2450400.5
3.0011 0.0661629 0.990206 245.474 194.651 280.436 0 0 0
A116  ep = 2450400.5
1.61238 0.0420682 4.39885 223.544 7.83213 291.067 0 0 0
A117  ep = 2450400.5
2.12118 0.0946932 0.0861332 232.817 212.931 212.35 0 0 0
A118  ep = 2450400.5
2.98312 0.0750227 9.07217 90.2879 323.435 156.215 0 0 0
A119  ep = 2450400.5
1.74519 0.019721 6.51319 169.508 24.3307 354.319 0 0 0
A120  ep = 2450400.5
2.79367 0.0454615 7.7148 66.1589 87.2127 76.9179 0 0 0
A121  ep = 2450400.5
1.81673 0.0365356 4.53016 102.745 25.5063 75.4706 0 0 0
A122  ep = 2450400.5
1.82019 0.0954148 8.36499 335.921 196.071 120.38 0 0 0
A123  ep = 2450400.5
3.07851 0.0507393 3.74635 214.074 33.0961 203.724 0 0 0
A124  ep = 2450400.5
3.64117 0.0538936 1.89662 250.882 129.336 15.0414 0 0 0
A125  ep = 2450400.5
4.00579 0.00711716 4.18178 227.841 268.002 46.1784 0 0 0
A126  ep = 2450400.5
1.87239 0.0362919 7.58363 235.195 156.178 239.296 0 0 0
A127  ep = 2450400.5
2.37128 0.00904973 4.98871 94.2368 355.11 333.493 0 0 0
A128  ep = 2450400.5
3.38183 0.00170932 4.28481 297.443 206.019 70.4174 0 0 0
A129  ep = 2450400.5
3.35752 0.0770662 0.521616 32.1395 197.561 280.464 0 0 0
A130  ep = 2450400.5
1.80348 0.0168994 4.28446 307.007 196.448 271.628 0 0 0
A131  ep = 2450400.5
3.41225 0.0937303 3.25472 90.8233 181.9 108.278 0 0 0
A132  ep = 2450400.5
1.8613 0.0856988 7.40305 327.109 17.8615 29.3294 0 0 0
A133  ep = 2450400.5
3.1415 0.0154788 8.52849 154.396 206.714 338.01 0 0 0
A134  ep = 2450400.5
3.92288 0.0775637 7.12267 232.034 329.274 238.737 0 0 0
A135  ep = 2450400.5
2.62268 0.0535272 9.32346 167.081 306.438 344.322 0 0 0
A136  ep = 2450400.5
1.8211 0.0593732 3.85501 189.288 282.76 347.484 0 0 0
A137  ep = 2450400.5
3.38663 0.00992397 6.92158 87.4929 199.781 204.787 0 0 0
A138  ep = 2450400.5
2.09012 0.093305 7.76849 32.9426 235.765 18.7658 0 0 0
A139  ep = 2450400.5
3.82765 0.0096729 0.725041 314.172 278.935 313.74 0 0 0
A140  ep = 2450400.5
1.77786 0.0884587 4.2481 338.47 173.148 351.34 0 0 0
A141  ep = 2450400.5
2.62 0.037328 1.71986 222.011 224.646 239.042 0 0 0
A142  ep = 2450400.5
1.60547 0.0154016 6.54399 7.51801 57.0402 275.651 0 0 0
A143  ep = 2450400.5
2.95555 0.0600433 5.48285 234.448 220.045 236.899 0 0 0
A144  ep = 2450400.5
1.93201 0.0329528 0.374253 115.798 196.969 165.431 0 0 0
A145  ep = 2450400.5
1.67045 0.0485391 5.96923 334.587 50.9663 139.798 0 0 0
A146  ep = 2450400.5
3.99074 0.00140134 3.52299 10.12 284.982 326.052 0 0 0
A147  ep = 2450400.5
2.29568 0.00554806 1.46174 37.465 71.8324 118.513 0 0 0
A148  ep = 2450400.5
3.6681 0.0332385 0.396691 228.187 21.5494 347.208 0 0 0
A149  ep = 2450400.5
2.17933 0.0762857 7.33078 310.229 209.707 353.134 0 0 0
A150  ep = 2450400.5
1.78322 0.0927778 4.16142 258.438 41.4808 32.1095 0 0 0
A151  ep = 2450400.5
3.28177 0.00226286 7.31892 148.876 335.755 285.096 0 0 0
A152  ep = 2450400.5
4.03019 0.0552821 3.25735 243.119 216.918 271.654 0 0 0
A153  ep = 2450400.5
2.96976 0.0556185 3.80766 121.758 114.794 67.8442 0 0 0
A154  ep = 2450400.5
3.41706 0.0756316 3.39753 216.959 114.051 202.991 0 0 0
A155  ep = 2450400.5
3.5743 0.00211863 6.07794 33.7542 247.283 290.642 0 0 0
A156  ep = 2450400.5
2.40449 0.0361901 4.46909 215.344 13.9716 166.117 0 0 0
A157  ep = 2450400.5
3.80099 0.0668095 4.67153 254.851 95.2612 275.181 0 0 0
A158  ep = 2450400.5
2.31521 0.0844789 0.368921 91.6625 51.3632 250.06 0 0 0
A159  ep = 2450400.5
2.419 0.0564294 1.08401 292.207 348.005 19.3423 0 0 0
A160  ep = 2450400.5
3.4054 0.0737032 4.30007 268.941 109.826 193.318 0 0 0
A161  ep = 2450400.5
1.83809 0.0374369 8.02009 80.0679 356.089 16.4806 0 0 0
A162  ep = 2450400.5
4.00827 0.0655427 4.75804 65.8786 344.159 105.756 0 0 0
A163  ep = 2450400.5
2.81152 0.0373518 2.71883 347.617 128.459 157.054 0 0 0
A164  ep = 2450400.5
3.25559 0.0142534 6.57229 122.553 267.71 338.132 0 0 0
A165  ep = 2450400.5
2.35909 0.0949282 3.57497 280.609 252.763 1.32467 0 0 0
A166  ep = 2450400.5
3.43856 0.0201439 0.590905 199.813 181.147 107.291 0 0 0
A167  ep = 2450400.5
2.57321 0.0565995 5.67101 158.498 178.32 76.9538 0 0 0
A168  ep = 2450400.5
3.78077 0.036738 9.55034 93.8297 68.2966 285.113 0 0 0
A169  ep = 2450400.5
2.09572 0.0419364 7.25281 166.832 81.3634 292.328 0 0 0
A170  ep = 2450400.5
3.62332 0.0930217 5.1529 159.185 72.0239 287.509 0 0 0
A171  ep = 2450400.5
2.25484 0.0391998 2.3144 331.201 286.835 192.343 0 0 0
A172  ep = 2450400.5
2.4655 0.0732198 8.04904 55.6564 188.132 194.132 0 0 0
A173  ep = 2450400.5
4.08949 0.0100358 7.71885 273.533 245.205 334.935 0 0 0
A174  ep = 2450400.5
2.36681 0.0237238 4.25851 13.7883 38.8035 84.1693 0 0 0
A175  ep = 2450400.5
2.60015 0.0374092 4.3625 42.2509 306.782 316.477 0 0 0
A176  ep = 2450400.5
2.96615 0.0785919 6.94537 64.3419 57.8183 263.845 0 0 0
A177  ep = 2450400.5
2.87083 0.038203 2.77454 212.264 165.839 178.586 0 0 0
A178  ep = 2450400.5
1.56232 0.0279809 1.7435 53.1326 279.57 134.822 0 0 0
A179  ep = 2450400.5
3.68783 0.082717 5.23934 206.51 114.303 162.393 0 0 0
A180  ep = 2450400.5
3.98725 0.0159654 3.30362 66.7906 13.1658 187.539 0 0 0
A181  ep = 2450400.5
1.86177 0.0277136 1.82876 340.505 359.204 244.521 0 0 0
A182  ep = 2450400.5
2.99882 0.0633331 9.38881 206.601 42.1897 95.5428 0 0 0
A183  ep = 2450400.5
3.75505 0.00904969 3.98185 129.571 282.873 339.235 0 0 0
A184  ep = 2450400.5
2.63888 0.0685771 6.75666 227.123 110.472 342.666 0 0 0
A185  ep = 2450400.5
2.22366 0.00578561 3.38715 313.433 317.486 307.73 0 0 0
A186  ep = 2450400.5
2.11232 0.0632201 8.39517 29.423 87.6348 256.046 0 0 0
A187  ep = 2450400.5
1.93154 0.0719185 9.33505 138.311 322.657 133.684 0 0 0
A188  ep = 2450400.5
1.78592 0.0181243 3.15848 84.9937 28.3949 7.53752 0 0 0
A189  ep = 2450400.5
1.68866 0.0421771 9.71279 316.421 2.68346 241.928 0 0 0
A190  ep = 2450400.5
3.69682 0.0310979 5.62726 59.804 264.345 104.891 0 0 0
A191  ep = 2450400.5
2.18711 0.0199443 3.04287 331.131 212.606 325.708 0 0 0
A192  ep = 2450400.5
3.33843 0.0597773 0.771953 40.3165 178.134 287.922 0 0 0
A193  ep = 2450400.5
2.93812 0.0459094 2.98891 310.459 55.3625 78.5541 0 0 0
A194  ep = 2450400.5
3.12032 0.0565176 8.91029 194.685 1.79253 203.71 0 0 0
A195  ep = 2450400.5
3.19591 0.0456131 9.19473 69.3818 14.4019 312.77 0 0 0
A196  ep = 2450400.5
2.83969 0.0287437 5.9613 155.471 259.47 359.078 0 0 0
A197  ep = 2450400.5
3.81761 0.0221917 3.76128 86.0043 250.66 21.1017 0 0 0
A198  ep = 2450400.5
4.00061 0.0858668 1.63786 313.16 178.651 89.9332 0 0 0
A199  ep = 2450400.5
2.15943 0.0289027 9.67542 8.38671 354.455 56.7249 0 0 0
A200  ep = 2450400.5
3.84588 0.0271113 1.59605 141.649 264.755 144.69 0 0 0
A201  ep = 2450400.5
1.81836 0.0122859 9.88381 60.2238 71.827 180.506 0 0 0
A202  ep = 2450400.5
1.96472 0.0592666 3.94495 8.17849 219.895 194.408 0 0 0
A203  ep = 2450400.5
3.5091 0.035756 3.51033 93.8109 349.616 130.066 0 0 0
A204  ep = 2450400.5
2.64273 0.00887663 7.89457 286.476 160.01 84.4376 0 0 0
A205  ep = 2450400.5
1.83563 0.0909997 7.31611 4.50554 53.7873 286.102 0 0 0
A206  ep = 2450400.5
3.6929 0.0883749 1.1644 359.336 152.382 352.66 0 0 0
A207  ep = 2450400.5
1.83106 0.00982977 9.08941 244.841 333.084 147.01 0 0 0
A208  ep = 2450400.5
2.72905 0.0609442 9.88461 73.1214 155.472 12.9047 0 0 0
A209  ep = 2450400.5
3.32499 0.0451728 3.18861 48.7219 216.003 20.0199 0 0 0
A210  ep = 2450400.5
4.06398 0.07932 3.30527 167.698 149.031 238.053 0 0 0
A211  ep = 2450400.5
2.82016 0.0514154 2.39336 224.426 76.9285 138.431 0 0 0
A212  ep = 2450400.5
3.95846 0.0137939 7.33864 166.303 4.36514 63.5588 0 0 0
A213  ep = 2450400.5
2.61982 0.0676108 5.3537 330.54 185.048 197.067 0 0 0
A214  ep = 2450400.5
2.18959 0.0888717 3.66945 102.221 342.639 340.837 0 0 0
A215  ep = 2450400.5
4.0889 0.0132002 4.55155 19.0615 266.885 223.386 0 0 0
A216  ep = 2450400.5
1.68491 0.0852378 3.91579 213.224 84.7267 228.323 0 0 0
A217  ep = 2450400.5
2.12761 0.0661172 7.31251 139.631 186.86 271.479 0 0 0
A218  ep = 2450400.5
3.12107 0.0348656 6.86018 37.1649 299.824 142.116 0 0 0
A219  ep = 2450400.5
3.61881 0.0169016 6.64358 293.713 99.0052 329.317 0 0 0
A220  ep = 2450400.5
3.60713 0.0313631 2.19436 121.199 211.723 110.517 0 0 0
A221  ep = 2450400.5
2.02739 0.0116842 3.76246 174.876 172.123 122.073 0 0 0
A222  ep = 2450400.5
2.56776 0.00918629 5.94007 84.2253 187.261 38.0292 0 0 0
A223  ep = 2450400.5
1.93747 0.0249986 3.50799 245.856 319.872 253.251 0 0 0
A224  ep = 2450400.5
2.26634 0.0569225 4.96335 69.2009 352.054 103.349 0 0 0
A225  ep = 2450400.5
1.59488 0.0163143 6.94267 258.156 325.627 200.232 0 0 0
A226  ep = 2450400.5
2.82572 0.0148686 9.97362 150.843 217.166 27.6026 0 0 0
A227  ep = 2450400.5
2.17264 0.0209206 2.12361 121.361 109.539 274.545 0 0 0
A228  ep = 2450400.5
3.32994 0.052304 5.72578 5.51839 110.502 151.558 0 0 0
A229  ep = 2450400.5
2.26549 0.0407352 4.36258 97.577 88.661 293.163 0 0 0
A230  ep = 2450400.5
3.89324 0.0142466 2.42371 15.4269 149.856 17.9582 0 0 0
A231  ep = 2450400.5
3.3612 0.0137017 9.84117 253.868 262.992 10.6916 0 0 0
A232  ep = 2450400.5
4.04884 0.0202346 3.83039 11.2294 26.913 52.4262 0 0 0
A233  ep = 2450400.5
2.80227 0.0901368 4.29837 263.383 260.325 138.719 0 0 0
A234  ep = 2450400.5
2.50231 0.0542663 6.52932 347.287 123.795 109.708 0 0 0
A235  ep = 2450400.5
3.01719 0.0443364 8.61643 93.8013 261.585 229.061 0 0 0
A236  ep = 2450400.5
2.52712 0.0603171 1.49258 137.817 55.8747 46.2125 0 0 0
A237  ep = 2450400.5
2.79678 0.039668 4.00225 193.209 345.062 327.135 0 0 0
A238  ep = 2450400.5
3.27283 0.0924526 4.50065 221.614 343.729 261.089 0 0 0
A239  ep = 2450400.5
2.58935 0.0866568 6.40086 97.0682 191.789 33.5855 0 0 0
A240  ep = 2450400.5
3.04455 0.047475 5.12099 31.2302 10.8604 258.946 0 0 0
A241  ep = 2450400.5
2.02617 0.0282919 2.02719 139.218 154.527 89.1225 0 0 0
A242  ep = 2450400.5
3.76881 0.09084 9.47908 173.564 183.226 224.666 0 0 0
A243  ep = 2450400.5
2.75216 0.0127079 8.81886 288.6 317.829 216.901 0 0 0
A244  ep = 2450400.5
3.15148 0.0488195 7.09716 175.821 162.448 326.658 0 0 0
A245  ep = 2450400.5
3.5457 0.076622 5.85462 31.655 351.232 114.172 0 0 0
A246  ep = 2450400.5
1.88067 0.0992329 4.07115 63.8952 103.065 189.552 0 0 0
A247  ep = 2450400.5
3.12258 0.0768163 1.52112 347.221 217.469 25.7901 0 0 0
A248  ep = 2450400.5
3.08057 0.06995 6.49651 313.761 16.027 313.071 0 0 0
A249  ep = 2450400.5
3.76583 0.0134164 0.897181 182.911 288.338 74.4426 0 0 0
A250  ep = 2450400.5
3.12012 0.00648942 1.67618 154.192 110.886 108.775 0 0 0
A251  ep = 2450400.5
2.14464 0.00708769 1.22772 87.6946 43.4715 311.125 0 0 0
A252  ep = 2450400.5
3.08188 0.0408769 0.187299 189.075 99.3744 282.502 0 0 0
A253  ep = 2450400.5
3.71066 0.0657284 4.97979 50.7016 230.564 82.9374 0 0 0
A254  ep = 2450400.5
1.97825 0.0176784 3.20699 196.5 277.443 2.1274 0 0 0
A255  ep = 2450400.5
1.8975 0.0721355 2.82139 183.433 281.198 113.509 0 0 0
A256  ep = 2450400.5
2.61162 0.0883622 9.02974 109.473 22.0525 310.147 0 0 0
A257  ep = 2450400.5
2.37778 0.0139658 4.2351 174.229 308.297 33.3144 0 0 0
A258  ep = 2450400.5
3.9786 0.0271518 4.40965 78.8641 9.24814 195.498 0 0 0
A259  ep = 2450400.5
3.8728 0.0114011 1.18025 37.5304 263.167 140.508 0 0 0
A260  ep = 2450400.5
3.4825 0.0482184 0.0653387 29.8425 63.0689 188.368 0 0 0
A261  ep = 2450400.5
3.27252 0.0621579 0.878638 74.887 143.803 238.086 0 0 0
A262  ep = 2450400.5
3.38079 0.0542391 2.9587 104.512 18.1303 48.5111 0 0 0
A263  ep = 2450400.5
1.8783 0.00796036 4.89689 39.585 151.083 121.298 0 0 0
A264  ep = 2450400.5
4.08561 0.0500988 8.10263 327.34 345.701 198.061 0 0 0
A265  ep = 2450400.5
3.8561 0.0993876 1.06892 83.2554 78.864 138.205 0 0 0
A266  ep = 2450400.5
3.87221 0.0032039 3.4796 11.1063 286.764 285.255 0 0 0
A267  ep = 2450400.5
2.0384 0.0395544 6.9044 84.3908 170.179 200.192 0 0 0
A268  ep = 2450400.5
1.84434 0.0187854 5.25776 282.879 208.91 159.669 0 0 0
A269  ep = 2450400.5
4.04106 0.0970492 5.06721 41.0866 34.6126 140.321 0 0 0
A270  ep = 2450400.5
1.86381 0.06719 6.61514 45.3911 205.7 41.7734 0 0 0
A271  ep = 2450400.5
3.35202 0.0466033 9.61385 290.881 155.596 306.69 0 0 0
A272  ep = 2450400.5
2.32516 0.034597 7.71648 340.303 301.352 182.525 0 0 0
A273  ep = 2450400.5
2.12673 0.0633037 0.455008 312.716 89.9938 36.2874 0 0 0
A274  ep = 2450400.5
3.54574 0.0696333 1.26498 54.0705 32.163 328.245 0 0 0
A275  ep = 2450400.5
3.82445 0.036049 5.75816 69.5923 289.161 329.76 0 0 0
A276  ep = 2450400.5
2.59987 0.0853479 0.425454 80.2795 123.021 43.6746 0 0 0
A277  ep = 2450400.5
1.53404 0.0840336 7.52502 314.475 327.363 340.372 0 0 0
A278  ep = 2450400.5
2.26413 0.0561375 9.03036 112.504 241.481 248.919 0 0 0
A279  ep = 2450400.5
3.15068 0.0425866 9.5282 156.941 19.7362 316.088 0 0 0
A280  ep = 2450400.5
4.0723 0.0574199 6.55659 351.002 314.065 243.672 0 0 0
A281  ep = 2450400.5
1.84392 0.0881758 1.70791 322.97 280.619 76.3585 0 0 0
A282  ep = 2450400.5
3.02494 0.0310357 0.166607 130.531 198.45 314.48 0 0 0
A283  ep = 2450400.5
1.72473 0.0774189 8.79471 246.359 119.094 175.382 0 0 0
A284  ep = 2450400.5
2.60534 0.0371386 4.8919 100.266 354.689 297.926 0 0 0
A285  ep = 2450400.5
3.83336 0.0628865 3.33814 226.076 5.01164 88.9833 0 0 0
A286  ep = 2450400.5
3.68455 0.0491487 9.41972 211.631 15.9973 62.7709 0 0 0
A287  ep = 2450400.5
2.5422 0.0857953 4.62109 242.881 271.647 299.642 0 0 0
A288  ep = 2450400.5
1.51674 0.0171885 1.87487 263.43 183.48 216.48 0 0 0
A289  ep = 2450400.5
1.7605 0.0908877 7.50009 103.035 83.8522 57.235 0 0 0
A290  ep = 2450400.5
1.58031 0.0517734 9.55668 334.484 80.1364 326.534 0 0 0
A291  ep = 2450400.5
3.6886 0.0551139 8.00015 241.036 157.414 278.502 0 0 0
A292  ep = 2450400.5
2.14493 0.0703383 9.76332 185.738 201.89 356.451 0 0 0
A293  ep = 2450400.5
2.20995 0.0033573 1.26134 179.737 88.0559 335.289 0 0 0
A294  ep = 2450400.5
2.76865 0.030824 5.5891 297.321 258.971 102.665 0 0 0
A295  ep = 2450400.5
3.47896 0.047173 4.36033 32.6956 137.941 105.575 0 0 0
A296  ep = 2450400.5
3.92598 0.061584 4.42516 126.466 341.929 224.426 0 0 0
A297  ep = 2450400.5
1.64759 0.005516 5.07451 339.831 288.234 288.681 0 0 0
A298  ep = 2450400.5
3.21888 0.0697577 4.16857 219.926 294.767 235.557 0 0 0
A299  ep = 2450400.5
1.82214 0.0962295 1.29581 71.8646 60.942 265.984 0 0 0
A300  ep = 2450400.5
2.73522 0.0452832 6.74244 206.658 99.7032 252.845 0 0 0
A301  ep = 2450400.5
1.82596 0.0265267 2.34904 74.1781 229.745 226.004 0 0 0
A302  ep = 2450400.5
2.50949 0.0221439 3.719 303.042 74.4396 28.6186 0 0 0
A303  ep = 2450400.5
2.72586 0.0564781 6.27453 37.0888 287.369 117.897 0 0 0
A304  ep = 2450400.5
3.7937 0.0782686 9.59651 308.657 173.44 121.693 0 0 0
A305  ep = 2450400.5
3.17808 0.0934263 8.15716 235.258 83.0146 159.872 0 0 0
A306  ep = 2450400.5
1.69402 0.000775796 3.38802 156.672 207.124 271.54 0 0 0
A307  ep = 2450400.5
2.25791 0.0126168 1.50613 145.473 207.894 27.4751 0 0 0
A308  ep = 2450400.5
2.19747 0.074145 0.550893 224.357 64.7251 211.965 0 0 0
A309  ep = 2450400.5
2.49521 0.0444562 5.74841 106.773 200.135 101.198 0 0 0
A310  ep = 2450400.5
2.29517 0.0200837 6.46479 132.889 202.388 221.802 0 0 0
A311  ep = 2450400.5
1.9371 0.0580562 8.51273 273.03 21.1947 45.2305 0 0 0
A312  ep = 2450400.5
2.75883 0.0826992 7.25622 59.719 111.144 354.726 0 0 0
A313  ep = 2450400.5
2.33131 0.0357292 8.00099 184.181 31.051 35.275 0 0 0
A314  ep = 2450400.5
2.07399 0.0929775 6.72464 183.994 75.5903 355.958 0 0 0
A315  ep = 2450400.5
1.65298 0.06284 6.52279 118.646 178.911 195.606 0 0 0
A316  ep = 2450400.5
2.72805 0.0384922 7.38591 209.198 19.6219 234.424 0 0 0
A317  ep = 2450400.5
2.12157 0.026051 5.3935 121.242 80.0118 83.1131 0 0 0
A318  ep = 2450400.5
3.58848 0.00354449 4.72234 357.415 276.156 308.624 0 0 0
A319  ep = 2450400.5
3.57148 0.0299564 5.78039 264.947 135.388 347.718 0 0 0
A320  ep = 2450400.5
2.86851 0.0643677 9.28608 96.0302 273.741 206.971 0 0 0
A321  ep = 2450400.5
2.39068 0.0452088 6.23587 9.33104 257.527 23.3599 0 0 0
A322  ep = 2450400.5
3.45225 0.041143 6.90881 150.807 181.717 206.272 0 0 0
A323  ep = 2450400.5
2.34656 0.0679996 2.68781 136.967 157.176 303.982 0 0 0
A324  ep = 2450400.5
1.83712 0.0792177 9.12416 266.668 295.107 82.7122 0 0 0
A325  ep = 2450400.5
2.15597 0.045099 0.790449 69.0395 120.719 259.197 0 0 0
A326  ep = 2450400.5
3.21014 0.0287155 0.219934 306.411 161.955 240.556 0 0 0
A327  ep = 2450400.5
3.31865 0.0461309 2.21813 141.394 5.70312 223.901 0 0 0
A328  ep = 2450400.5
2.06358 0.0932624 9.61882 164.523 40.1815 348.768 0 0 0
A329  ep = 2450400.5
2.82447 0.0490288 2.27855 294.823 275.446 246.357 0 0 0
A330  ep = 2450400.5
2.88319 0.0494529 7.54874 216.485 225.14 146.344 0 0 0
A331  ep = 2450400.5
2.57993 0.00995221 2.66825 101.61 342.045 218.253 0 0 0
A332  ep = 2450400.5
2.00167 0.0176043 7.75932 223.859 44.8731 278.7 0 0 0
A333  ep = 2450400.5
2.90854 0.0104154 7.50877 0.251801 38.6942 11.7128 0 0 0
A334  ep = 2450400.5
2.50337 0.0993612 9.63676 218.65 79.917 56.3215 0 0 0
A335  ep = 2450400.5
3.12394 0.0427201 8.97026 318.913 307.06 130.196 0 0 0
A336  ep = 2450400.5
2.76096 0.00968863 3.36758 275.286 73.6615 109.167 0 0 0
A337  ep = 2450400.5
2.49211 0.0827043 2.10846 143.605 178.3 218.602 0 0 0
A338  ep = 2450400.5
2.63412 0.0432518 7.32741 15.8766 21.2238 91.5613 0 0 0
A339  ep = 2450400.5
2.7926 0.0357515 1.74719 25.4915 111.015 313.792 0 0 0
A340  ep = 2450400.5
2.8494 0.048263 4.55892 324.315 56.9778 166.553 0 0 0
A341  ep = 2450400.5
1.63659 0.042373 9.62773 24.9222 179.084 174.93 0 0 0
A342  ep = 2450400.5
1.98105 0.067501 7.8862 110.686 22.3033 247.191 0 0 0
A343  ep = 2450400.5
1.67988 0.00977531 9.93685 69.4413 255.906 102.637 0 0 0
A344  ep = 2450400.5
1.86795 0.0721419 8.88888 16.7321 330.051 234.253 0 0 0
A345  ep = 2450400.5
2.41649 0.00309993 4.00562 320.57 191.156 232.458 0 0 0
A346  ep = 2450400.5
1.87731 0.000611971 8.85399 90.0322 301.379 218.405 0 0 0
A347  ep = 2450400.5
2.9593 0.0738522 3.34681 80.4092 276.349 347.25 0 0 0
A348  ep = 2450400.5
1.80498 0.0456462 7.75504 356.228 263.148 301.994 0 0 0
A349  ep = 2450400.5
2.49994 0.0093783 4.21042 32.3162 130.42 284.39 0 0 0
A350  ep = 2450400.5
3.30106 0.0197131 2.17274 220.717 115.688 357.846 0 0 0
A351  ep = 2450400.5
1.66035 0.0903297 5.71451 34.8899 266.871 159.426 0 0 0
A352  ep = 2450400.5
2.54618 0.0742591 6.73361 216.203 117.404 125.013 0 0 0
A353  ep = 2450400.5
2.84256 0.0456551 6.26039 95.3778 146.729 301.743 0 0 0
A354  ep = 2450400.5
3.99347 0.0729999 0.100833 147.242 308.864 3.01617 0 0 0
A355  ep = 2450400.5
4.00018 0.084198 8.16534 93.7469 272.153 289.467 0 0 0
A356  ep = 2450400.5
1.94625 0.0780429 2.67626 86.5506 274.416 26.5421 0 0 0
A357  ep = 2450400.5
3.34618 0.0119928 8.62597 22.7788 195.405 93.689 0 0 0
A358  ep = 2450400.5
1.7123 0.0163693 4.19209 69.927 185.332 6.82934 0 0 0
A359  ep = 2450400.5
2.93546 0.0430786 7.22729 18.8335 180.09 116.564 0 0 0
A360  ep = 2450400.5
2.70697 0.0180461 0.0013165 294.952 312.811 227.281 0 0 0
A361  ep = 2450400.5
3.584 0.0423452 7.9595 285.238 120.746 46.9922 0 0 0
A362  ep = 2450400.5
1.65738 0.0273339 7.00567 148.286 125.38 93.4153 0 0 0
A363  ep = 2450400.5
3.34415 0.0613557 4.04525 7.14734 358.42 290.251 0 0 0
A364  ep = 2450400.5
4.07202 0.0989244 9.22211 168.107 13.8695 255.922 0 0 0
A365  ep = 2450400.5
2.77104 0.000137939 8.18344 137.953 37.2988 169.55 0 0 0
A366  ep = 2450400.5
4.07859 0.0907484 8.08508 332.232 23.0364 153.729 0 0 0
A367  ep = 2450400.5
2.52385 0.049047 4.33066 188.031 313.481 247.769 0 0 0
A368  ep = 2450400.5
3.75521 0.0774742 0.0913795 111.475 341.649 85.0351 0 0 0
A369  ep = 2450400.5
4.03046 0.00666639 6.42071 233.266 204.009 215.332 0 0 0
A370  ep = 2450400.5
3.38783 0.0896833 4.078 31.1098 99.8866 343.059 0 0 0
A371  ep = 2450400.5
1.93785 0.0216806 7.8543 303.58 77.5392 221.791 0 0 0
A372  ep = 2450400.5
2.63793 0.0886876 2.73289 286.655 210.271 277.961 0 0 0
A373  ep = 2450400.5
2.13953 0.0342971 7.31222 314.28 79.1198 66.5183 0 0 0
A374  ep = 2450400.5
2.54423 0.00950512 8.52535 226.277 172.205 188.273 0 0 0
A375  ep = 2450400.5
2.3741 0.0777681 2.48094 154.513 14.0761 328.66 0 0 0
A376  ep = 2450400.5
3.36621 0.0670498 1.06268 274.136 99.3606 86.9756 0 0 0
A377  ep = 2450400.5
2.08929 0.0668591 1.00799 301.505 190.136 306.977 0 0 0
A378  ep = 2450400.5
2.08826 0.0417892 6.50951 49.6929 155.292 187.41 0 0 0
A379  ep = 2450400.5
2.20359 0.0956922 2.98494 178.837 47.7627 266.761 0 0 0
A380  ep = 2450400.5
1.64357 0.0629041 2.28374 274.496 343.084 349.118 0 0 0
A381  ep = 2450400.5
1.79351 0.078489 4.64026 7.50145 238.729 247.13 0 0 0
A382  ep = 2450400.5
2.88829 0.0816932 1.17119 279.867 288.381 285.903 0 0 0
A383  ep = 2450400.5
3.75252 0.02191 0.408158 12.9821 310.333 280.58 0 0 0
A384  ep = 2450400.5
2.2624 0.0825788 9.02315 99.349 256.373 170.961 0 0 0
A385  ep = 2450400.5
3.05319 0.0295976 1.46102 147.874 198.334 236.593 0 0 0
A386  ep = 2450400.5
2.64734 0.0582554 3.98153 17.9636 54.0002 66.5329 0 0 0
A387  ep = 2450400.5
4.0982 0.0863701 3.22097 296.411 265.997 326.365 0 0 0
A388  ep = 2450400.5
2.47847 0.0486021 2.55115 97.9643 118.089 186.165 0 0 0
A389  ep = 2450400.5
3.7283 0.0848675 2.68303 133.762 151.739 93.7298 0 0 0
A390  ep = 2450400.5
4.07865 0.0105633 7.37144 81.8828 128.531 214.156 0 0 0
A391  ep = 2450400.5
3.10684 0.0998612 3.67363 208.427 347.773 190.274 0 0 0
A392  ep = 2450400.5
3.93115 0.0194075 5.81371 6.37773 189.049 195.679 0 0 0
A393  ep = 2450400.5
2.78055 0.0919173 6.53959 189.122 100.115 356.573 0 0 0
A394  ep = 2450400.5
3.87063 0.0929014 4.93732 134.593 147.988 14.8888 0 0 0
A395  ep = 2450400.5
1.5586 0.0788039 2.57846 276.105 351.477 173.724 0 0 0
A396  ep = 2450400.5
1.80038 0.0932741 4.58458 20.4234 52.394 27.0585 0 0 0
A397  ep = 2450400.5
3.06131 0.0474096 1.12755 222.369 181.303 45.9258 0 0 0
A398  ep = 2450400.5
3.78167 0.0570238 1.99008 202.916 319.145 246.734 0 0 0
A399  ep = 2450400.5
1.68356 0.0942847 1.42509 175.857 290.179 359.098 0 0 0
A400  ep = 2450400.5
2.12216 0.00678279 8.98278 184.814 230.981 3.72664 0 0 0
A401  ep = 2450400.5
3.18859 0.0407536 5.45532 71.3766 334.757 293.737 0 0 0
A402  ep = 2450400.5
3.64527 0.0105533 2.68493 306.492 56.5194 337.511 0 0 0
A403  ep = 2450400.5
2.83631 0.0244164 1.66462 23.7295 120.332 301.891 0 0 0
A404  ep = 2450400.5
3.27936 0.0433826 1.31048 177.863 292.348 257.643 0 0 0
A405  ep = 2450400.5
1.62945 0.0563056 8.28438 28.8117 291.681 185.971 0 0 0
A406  ep = 2450400.5
1.57682 0.0510973 4.92461 81.5824 239.357 21.635 0 0 0
A407  ep = 2450400.5
1.86373 0.00327941 6.16997 243.069 302.446 112.536 0 0 0
A408  ep = 2450400.5
3.0089 0.0412169 2.31871 84.6531 39.6857 192.709 0 0 0
A409  ep = 2450400.5
2.73037 0.0899674 4.81643 243.338 338.877 115.634 0 0 0
A410  ep = 2450400.5
3.00385 0.0188061 3.73667 206.512 202.34 74.5657 0 0 0
A411  ep = 2450400.5
3.53273 0.0899529 2.37581 109.596 152.078 32.0061 0 0 0
A412  ep = 2450400.5
1.7985 0.0799702 2.59686 196.155 4.69955 56.1481 0 0 0
A413  ep = 2450400.5
1.89625 0.093083 7.46184 126.804 311.758 111.007 0 0 0
A414  ep = 2450400.5
3.59009 0.0343197 1.10404 177.769 307.117 25.3055 0 0 0
A415  ep = 2450400.5
3.49368 0.0100077 4.99012 176.019 124.577 115.343 0 0 0
A416  ep = 2450400.5
3.08192 0.0364508 5.28943 32.1462 107.298 191.887 0 0 0
A417  ep = 2450400.5
3.62817 0.00934827 9.16445 260.096 79.6041 112.891 0 0 0
A418  ep = 2450400.5
4.07944 0.0555117 4.85961 52.1848 219.344 136.367 0 0 0
A419  ep = 2450400.5
4.04905 0.0508557 3.32036 355.92 81.5382 176.862 0 0 0
A420  ep = 2450400.5
3.08453 0.0865498 1.42988 194.327 95.8631 276.314 0 0 0
A421  ep = 2450400.5
1.5529 0.0419078 1.43882 127.509 232.301 191.279 0 0 0
A422  ep = 2450400.5
2.59984 0.0262461 5.18896 237.917 354.655 258.885 0 0 0
A423  ep = 2450400.5
4.08741 0.00951782 5.66082 132.723 229.942 325.679 0 0 0
A424  ep = 2450400.5
2.52313 0.0847906 8.74887 163.694 35.3569 75.0093 0 0 0
A425  ep = 2450400.5
3.71512 0.0546418 3.64588 137.235 86.0564 125.861 0 0 0
A426  ep = 2450400.5
2.84959 0.0447995 9.44885 145.148 11.3535 84.877 0 0 0
A427  ep = 2450400.5
1.63634 0.0879591 5.29349 79.8605 350.209 3.87381 0 0 0
A428  ep = 2450400.5
1.89731 0.0596743 1.46189 197.934 301.336 251.475 0 0 0
A429  ep = 2450400.5
2.16464 0.0999709 0.105475 83.7432 177.23 103.815 0 0 0
A430  ep = 2450400.5
1.50005 0.00192607 1.71449 342.982 27.3258 288.639 0 0 0
A431  ep = 2450400.5
2.59992 0.090019 2.4863 55.5345 336.169 184.578 0 0 0
A432  ep = 2450400.5
2.78475 0.0486281 1.92555 17.2026 149.214 291.859 0 0 0
A433  ep = 2450400.5
3.54772 0.00483486 0.595281 176.187 146.597 252.485 0 0 0
A434  ep = 2450400.5
3.63386 0.0380355 3.63261 69.7358 27.9314 263.308 0 0 0
A435  ep = 2450400.5
3.6456 0.0139602 4.2907 67.09 294.807 110.488 0 0 0
A436  ep = 2450400.5
2.35709 0.0166411 7.87312 38.6276 104.471 351.316 0 0 0
A437  ep = 2450400.5
3.71188 0.0696372 4.92505 342.068 51.219 152.94 0 0 0
A438  ep = 2450400.5
1.9483 0.0889689 2.00734 3.57727 101.689 92.5429 0 0 0
A439  ep = 2450400.5
3.59285 0.0550358 6.86337 56.3458 244.688 112.797 0 0 0
A440  ep = 2450400.5
2.10743 0.0728258 6.83914 48.4826 306.284 54.8294 0 0 0
A441  ep = 2450400.5
3.67101 0.00448483 6.76569 169.61 304.918 98.4906 0 0 0
A442  ep = 2450400.5
2.47369 0.0209354 2.60875 114.741 228.251 265.81 0 0 0
A443  ep = 2450400.5
3.99011 0.00872626 2.62294 195.445 62.9537 253.725 0 0 0
A444  ep = 2450400.5
2.40883 0.0204839 5.72807 165.761 314.042 87.0746 0 0 0
A445  ep = 2450400.5
3.32593 0.0686146 3.06303 117.313 257.853 110.559 0 0 0
A446  ep = 2450400.5
3.75733 0.0662868 8.82793 182.156 238.486 330.821 0 0 0
A447  ep = 2450400.5
1.65152 0.0469003 9.52831 190.857 82.6563 216.503 0 0 0
A448  ep = 2450400.5
1.71226 0.0667137 1.57569 35.8552 21.6365 295.47 0 0 0
A449  ep = 2450400.5
4.01494 0.0370764 9.43485 214.571 268.867 203.156 0 0 0
A450  ep = 2450400.5
2.61457 0.0478027 3.20776 249.163 66.1981 301.699 0 0 0
A451  ep = 2450400.5
2.74135 0.00617085 8.13421 171.661 256.277 118.876 0 0 0
A452  ep = 2450400.5
3.48213 0.0158643 4.31806 140.315 247.963 238.655 0 0 0
A453  ep = 2450400.5
3.55147 0.0101862 4.99588 223.688 31.4041 93.1552 0 0 0
A454  ep = 2450400.5
2.63045 0.0867961 9.82021 273.233 124.29 148.201 0 0 0
A455  ep = 2450400.5
2.31246 0.00268132 7.6497 225.721 115.331 84.2236 0 0 0
A456  ep = 2450400.5
3.11382 0.0736575 3.62196 296.05 49.7983 102.868 0 0 0
A457  ep = 2450400.5
1.97673 0.0326463 4.85682 169.007 47.1212 143.081 0 0 0
A458  ep = 2450400.5
3.41922 0.0234193 3.07873 325.077 103.133 0.464914 0 0 0
A459  ep = 2450400.5
2.96411 0.00968287 2.3992 33.2175 276.24 50.1483 0 0 0
A460  ep = 2450400.5
3.43063 0.0580987 0.64308 350.859 228.376 305.075 0 0 0
A461  ep = 2450400.5
3.97671 0.0297727 1.89148 186.263 113.04 168.297 0 0 0
A462  ep = 2450400.5
2.9988 0.058498 2.75779 300.32 351.977 75.2524 0 0 0
A463  ep = 2450400.5
3.45381 0.0639656 6.69408 53.9789 68.3303 213.777 0 0 0
A464  ep = 2450400.5
3.02227 0.0235963 0.825822 207.235 77.4702 52.4058 0 0 0
A465  ep = 2450400.5
2.3404 0.066156 5.84266 287.088 257.122 25.472 0 0 0
A466  ep = 2450400.5
4.04507 0.0305728 4.37338 41.0116 184.313 321.311 0 0 0
A467  ep = 2450400.5
4.03906 0.095389 3.02878 51.281 257.318 346.216 0 0 0
A468  ep = 2450400.5
2.54626 0.0414355 5.06657 117.327 353.645 187.529 0 0 0
A469  ep = 2450400.5
3.28137 0.0719299 5.25567 212.88 272.868 153.621 0 0 0
A470  ep = 2450400.5
1.80519 0.072974 6.74394 111.293 278.54 111.561 0 0 0
A471  ep = 2450400.5
2.69466 0.0419592 7.07884 90.8274 74.619 291.794 0 0 0
A472  ep = 2450400.5
3.69792 0.0366433 6.64531 338.248 147.07 79.3977 0 0 0
A473  ep = 2450400.5
2.33933 0.075127 4.60169 44.5998 12.5592 338.84 0 0 0
A474  ep = 2450400.5
2.19358 0.0917376 4.34218 342.19 144.883 162.732 0 0 0
A475  ep = 2450400.5
2.17095 0.0349305 3.77743 140.453 260.359 50.1094 0 0 0
A476  ep = 2450400.5
2.2335 0.0105471 8.64289 85.4213 327.226 336.756 0 0 0
A477  ep = 2450400.5
1.86006 0.039517 4.62588 225.4 211.916 315.731 0 0 0
A478  ep = 2450400.5
2.92657 0.0466735 2.41984 249.198 77.1132 348.976 0 0 0
A479  ep = 2450400.5
4.01134 0.0967332 1.95174 337.267 56.1539 235.118 0 0 0
A480  ep = 2450400.5
3.20883 0.0850533 5.9015 211.742 258.448 214.247 0 0 0
A481  ep = 2450400.5
1.9997 0.0122329 6.98452 282.968 263.529 30.5432 0 0 0
A482  ep = 2450400.5
1.81461 0.0215374 7.78244 228.577 255.102 327.877 0 0 0
A483  ep = 2450400.5
2.86924 0.0974062 3.0595 38.9014 117.258 359.357 0 0 0
A484  ep = 2450400.5
2.92959 0.0414201 4.47067 145.62 96.2106 69.4885 0 0 0
A485  ep = 2450400.5
1.57543 0.0804734 4.1708 82.8359 26.6419 315.443 0 0 0
A486  ep = 2450400.5
2.06071 0.0760767 9.21499 79.711 355.364 112.762 0 0 0
A487  ep = 2450400.5
1.52454 0.0569324 2.62021 37.1144 243.477 191.835 0 0 0
A488  ep = 2450400.5
1.68189 0.0703454 6.94689 20.1754 98.7466 290.961 0 0 0
A489  ep = 2450400.5
2.66925 0.034593 7.04284 205.086 254.478 192.253 0 0 0
A490  ep = 2450400.5
3.25876 0.0952418 2.29398 43.7297 177.831 343.388 0 0 0
A491  ep = 2450400.5
3.95807 0.0235922 0.142213 35.3764 88.8503 185.2 0 0 0
A492  ep = 2450400.5
3.70793 0.0584438 9.65362 276.073 99.3656 127.709 0 0 0
A493  ep = 2450400.5
2.00309 0.0561476 0.730363 80.3145 74.5161 245.716 0 0 0
A494  ep = 2450400.5
3.51947 0.0829628 3.55546 270.522 243.564 175.25 0 0 0
A495  ep = 2450400.5
1.90891 0.042376 7.14266 77.2188 25.972 91.1831 0 0 0
A496  ep = 2450400.5
3.8107 0.0928977 9.32305 154.398 105.685 122.498 0 0 0
A497  ep = 2450400.5
1.62159 0.0860483 8.14566 179.644 274.898 184.517 0 0 0
A498  ep = 2450400.5
1.55368 0.0202866 1.57481 268.323 94.3457 40.517 0 0 0
A499  ep = 2450400.5
2.71029 0.0325982 2.78026 27.2493 16.9135 239.59 0 0 0
A500  ep = 2450400.5
3.60629 0.0160996 7.85873 136.482 0.312416 149.206 0 0 0
A501  ep = 2450400.5
2.98701 0.0487333 0.609244 275.184 8.31975 224.216 0 0 0
A502  ep = 2450400.5
3.456 0.0375939 3.40739 331.905 252.714 36.5441 0 0 0
A503  ep = 2450400.5
2.01071 0.0444795 3.67103 188.694 351.271 252.242 0 0 0
A504  ep = 2450400.5
1.58743 0.0299033 6.84191 21.6196 23.9916 253.156 0 0 0
A505  ep = 2450400.5
1.802 0.068798 1.88638 63.2919 293.21 52.8875 0 0 0
A506  ep = 2450400.5
2.00489 0.0710846 0.190017 283.818 6.60892 189.326 0 0 0
A507  ep = 2450400.5
2.85239 0.0372272 2.78263 113.154 346.814 74.7065 0 0 0
A508  ep = 2450400.5
3.62978 0.0487572 7.62662 172.218 26.6687 308.83 0 0 0
A509  ep = 2450400.5
2.13197 0.0977842 7.58358 41.2187 113.709 112.123 0 0 0
A510  ep = 2450400.5
1.59321 0.0398731 7.46798 56.1486 268.758 190.981 0 0 0
A511  ep = 2450400.5
1.80417 0.0960908 1.98813 198.677 195.963 45.6003 0 0 0
A512  ep = 2450400.5
1.82618 0.0449867 9.92245 192.594 263.676 155.907 0 0 0
A513  ep = 2450400.5
2.19768 0.00875794 1.94614 99.4718 197.983 3.68549 0 0 0
A514  ep = 2450400.5
2.01082 0.0744869 2.00653 325.397 131.985 112.088 0 0 0
A515  ep = 2450400.5
1.72712 0.00275151 4.44709 290.628 36.3374 306.808 0 0 0
A516  ep = 2450400.5
1.58965 0.073385 8.82485 310.967 307.188 328.663 0 0 0
A517  ep = 2450400.5
1.64452 0.0496508 7.8135 3.2774 197.638 324.099 0 0 0
A518  ep = 2450400.5
3.3034 0.0470067 2.40936 345.938 118.553 122.185 0 0 0
A519  ep = 2450400.5
1.76662 0.0152875 6.37842 98.2028 276.655 130.678 0 0 0
A520  ep = 2450400.5
3.3486 0.0455483 7.29719 212.708 332.375 118.235 0 0 0
A521  ep = 2450400.5
3.69335 0.000921357 8.85242 84.8153 74.0352 110.024 0 0 0
A522  ep = 2450400.5
3.81714 0.0969181 9.02707 231.226 318.55 175.189 0 0 0
A523  ep = 2450400.5
3.44207 0.0898401 1.43194 84.5569 222.857 265.619 0 0 0
A524  ep = 2450400.5
3.38694 0.0733391 2.10879 64.1465 353.772 179.094 0 0 0
A525  ep = 2450400.5
3.71705 0.00906788 5.03904 121.411 142.14 44.1323 0 0 0
A526  ep = 2450400.5
1.95179 0.0610515 8.92304 29.6693 258.785 96.6064 0 0 0
A527  ep = 2450400.5
3.02217 0.0394482 3.06719 317.456 264.311 278.007 0 0 0
A528  ep = 2450400.5
2.85776 0.00835113 7.5741 78.9937 65.1947 22.6022 0 0 0
A529  ep = 2450400.5
3.84894 0.0260182 5.8861 316.533 79.2396 293.864 0 0 0
A530  ep = 2450400.5
2.38699 0.000701736 6.94073 24.0553 32.6597 131.418 0 0 0
A531  ep = 2450400.5
3.55448 0.0300568 0.644914 311.986 76.3452 79.0565 0 0 0
A532  ep = 2450400.5
1.55758 0.0049368 9.72762 227.284 324.317 89.643 0 0 0
A533  ep = 2450400.5
3.75359 0.0438324 3.91803 84.7287 157.046 181.616 0 0 0
A534  ep = 2450400.5
1.51191 0.0939695 8.46086 0.110007 1.44732 131.033 0 0 0
A535  ep = 2450400.5
3.87023 0.0424108 1.99053 207.271 8.1846 233.967 0 0 0
A536  ep = 2450400.5
1.56251 0.0946498 0.799611 287.639 100.912 242.778 0 0 0
A537  ep = 2450400.5
4.08477 0.0879039 4.00261 274.892 234.902 219.034 0 0 0
A538  ep = 2450400.5
2.15153 0.0693003 1.3012 77.5168 112.994 225.766 0 0 0
A539  ep = 2450400.5
3.07342 0.0943548 3.20832 135.873 175.409 315.578 0 0 0
A540  ep = 2450400.5
2.88416 0.0509157 8.40365 234.927 167.528 75.9695 0 0 0
A541  ep = 2450400.5
1.5914 0.0354584 6.49825 246.17 316.35 235.465 0 0 0
A542  ep = 2450400.5
3.39156 0.0346186 5.35494 42.7064 286.775 125.473 0 0 0
A543  ep = 2450400.5
3.87878 0.0475555 8.65192 188.96 86.2767 106.865 0 0 0
A544  ep = 2450400.5
3.80617 0.0761859 9.56004 303.364 348.432 68.578 0 0 0
A545  ep = 2450400.5
3.6963 0.035647 3.19342 174.314 239.378 95.4225 0 0 0
A546  ep = 2450400.5
3.1799 0.0686375 5.91033 87.5333 197.104 49.7987 0 0 0
A547  ep = 2450400.5
1.96381 0.0997623 8.04753 262.149 117.037 290.103 0 0 0
A548  ep = 2450400.5
4.02548 0.0885718 1.25538 340.423 342.849 87.8833 0 0 0
A549  ep = 2450400.5
2.13643 0.0572216 3.22881 83.5643 115.66 122.019 0 0 0
A550  ep = 2450400.5
3.06719 0.0785481 7.58734 310.198 328.905 108.425 0 0 0
A551  ep = 2450400.5
3.24122 0.0452359 7.7976 353.983 281.435 75.0672 0 0 0
A552  ep = 2450400.5
2.73333 0.079126 5.71496 186.95 126.283 354.414 0 0 0
A553  ep = 2450400.5
2.14376 0.081864 1.87754 196.384 313.863 347.898 0 0 0
A554  ep = 2450400.5
1.71878 0.0872627 9.23868 255.061 207.202 243.765 0 0 0
A555  ep = 2450400.5
3.58084 0.0775237 8.40701 287.464 125.83 327.646 0 0 0
A556  ep = 2450400.5
1.65111 0.0776528 5.10727 157.652 227.41 40.7704 0 0 0
A557  ep = 2450400.5
2.20531 0.07159 6.12344 83.9625 253.616 357.475 0 0 0
A558  ep = 2450400.5
3.45937 0.0219633 2.36858 238.027 45.6087 238.055 0 0 0
A559  ep = 2450400.5
1.76188 0.0557923 3.01795 87.7016 293.16 45.0419 0 0 0
A560  ep = 2450400.5
1.77246 0.050512 5.54881 13.6263 345.662 90.8297 0 0 0
A561  ep = 2450400.5
3.60469 0.0204379 8.00349 348.842 83.975 127.321 0 0 0
A562  ep = 2450400.5
3.70038 0.00764606 4.073 87.5974 299.401 20.7894 0 0 0
A563  ep = 2450400.5
3.22316 0.0126889 1.62289 182.121 119.065 192.856 0 0 0
A564  ep = 2450400.5
4.02978 0.0346836 8.2663 46.0233 346.137 83.0416 0 0 0
A565  ep = 2450400.5
1.98327 0.0634946 6.53069 209.636 138.633 343.507 0 0 0
A566  ep = 2450400.5
3.08698 0.0212742 9.55726 222.823 107.792 43.5833 0 0 0
A567  ep = 2450400.5
1.8528 0.0886101 5.69897 108.13 135.173 133.516 0 0 0
A568  ep = 2450400.5
3.4154 0.0352148 1.55801 50.3706 198.834 211.067 0 0 0
A569  ep = 2450400.5
3.4347 0.0630677 8.7836 253.163 189.768 82.8564 0 0 0
A570  ep = 2450400.5
3.90866 0.0363661 8.04739 117.606 232.585 248.399 0 0 0
A571  ep = 2450400.5
3.80447 0.0972242 2.46371 177.148 199.109 141.851 0 0 0
A572  ep = 2450400.5
3.22503 0.0689126 2.1396 64.1423 182.121 14.8074 0 0 0
A573  ep = 2450400.5
3.41088 0.0462567 1.35846 219.8 242.451 89.2186 0 0 0
A574  ep = 2450400.5
2.83143 0.0836224 5.41699 228.628 84.6758 117.26 0 0 0
A575  ep = 2450400.5
1.74754 0.0924824 2.51371 46.5135 74.259 301.765 0 0 0
A576  ep = 2450400.5
2.03337 0.098627 7.24733 287.68 111.772 296.536 0 0 0
A577  ep = 2450400.5
3.77031 0.0747289 1.68595 201.893 103.5 196.678 0 0 0
A578  ep = 2450400.5
3.31558 0.0513395 6.63384 268.935 246.715 169.464 0 0 0
A579  ep = 2450400.5
3.72491 0.0496957 0.361263 98.5613 193.427 107.021 0 0 0
A580  ep = 2450400.5
3.6406 0.0720494 3.35013 126.479 313.331 118.226 0 0 0
A581  ep = 2450400.5
1.74396 0.0969264 5.41996 214.327 256.266 0.907729 0 0 0
A582  ep = 2450400.5
2.82421 0.0143495 1.7193 159.696 93.5673 16.4201 0 0 0
A583  ep = 2450400.5
1.89581 0.0204268 8.13193 271.163 330.682 337.306 0 0 0
A584  ep = 2450400.5
2.15438 0.030716 5.43886 137.196 19.545 116.884 0 0 0
A585  ep = 2450400.5
1.8183 0.0494024 2.06464 323.336 40.6109 7.0511 0 0 0
A586  ep = 2450400.5
2.83192 0.0304594 3.31729 164.104 218.276 128.398 0 0 0
A587  ep = 2450400.5
3.74178 0.0249321 6.3415 105.805 145.298 19.0277 0 0 0
A588  ep = 2450400.5
3.73402 0.0191748 2.70856 155.381 132.598 271.02 0 0 0
A589  ep = 2450400.5
3.15211 0.0273808 7.88908 141.46 296.426 273.893 0 0 0
A590  ep = 2450400.5
3.03511 0.0809829 3.79568 88.7109 91.6343 224.984 0 0 0
A591  ep = 2450400.5
1.50515 0.00166739 7.23742 106.03 272.17 158.246 0 0 0
A592  ep = 2450400.5
3.16833 0.000881168 3.09794 144.442 192.066 48.5911 0 0 0
A593  ep = 2450400.5
2.95272 0.087946 4.0769 234.566 336.339 248.851 0 0 0
A594  ep = 2450400.5
3.88995 0.0754854 8.83758 137.386 62.1177 68.1871 0 0 0
A595  ep = 2450400.5
2.03929 0.0545341 6.55171 236.51 287.842 92.0607 0 0 0
A596  ep = 2450400.5
2.56573 0.0153685 9.99155 190.055 68.7253 102.707 0 0 0
A597  ep = 2450400.5
3.39937 0.0447114 2.65326 148.398 177.547 184.971 0 0 0
A598  ep = 2450400.5
3.36703 0.0872138 6.03043 275.977 115.587 43.6067 0 0 0
A599  ep = 2450400.5
2.51948 0.0475061 3.35035 48.5495 0.0109257 248.841 0 0 0
A600  ep = 2450400.5
2.86425 0.063304 0.503343 256.335 337.364 53.835 0 0 0
A601  ep = 2450400.5
3.88034 0.0205163 9.18049 336.588 329.591 279.789 0 0 0
A602  ep = 2450400.5
1.64211 0.0868762 5.27791 139.519 264.136 332.972 0 0 0
A603  ep = 2450400.5
1.74132 0.0763168 8.56629 188.454 140.612 193.006 0 0 0
A604  ep = 2450400.5
3.56597 0.0843782 2.45133 214.62 58.244 219.759 0 0 0
A605  ep = 2450400.5
2.38189 0.0959269 0.429657 284.526 156.853 287.498 0 0 0
A606  ep = 2450400.5
3.22587 0.089554 2.33297 271.103 303.346 147.792 0 0 0
A607  ep = 2450400.5
4.06639 0.0772641 0.78482 252.322 14.5717 359.904 0 0 0
A608  ep = 2450400.5
2.02626 0.0606127 6.18113 202.49 357.076 107.036 0 0 0
A609  ep = 2450400.5
2.61383 0.0546879 8.38847 27.8021 221.021 29.8647 0 0 0
A610  ep = 2450400.5
2.13575 0.0759753 0.163629 81.1063 147.654 222.328 0 0 0
A611  ep = 2450400.5
1.90858 0.0893414 7.61523 0.957541 208.743 119.031 0 0 0
A612  ep = 2450400.5
2.87996 0.0580841 8.19532 68.25 299.16 108.495 0 0 0
A613  ep = 2450400.5
2.12004 0.0307078 6.06696 347.628 69.7104 180.339 0 0 0
A614  ep = 2450400.5
3.97213 0.0916573 2.85024 248.13 143.18 205.142 0 0 0
A615  ep = 2450400.5
1.66255 0.00499041 3.73829 125.315 64.958 141.145 0 0 0
A616  ep = 2450400.5
3.3655 0.0132451 1.09646 200.549 175.215 359.137 0 0 0
A617  ep = 2450400.5
1.94568 0.044162 2.31196 119.659 71.4318 267.776 0 0 0
A618  ep = 2450400.5
1.69163 0.0570376 4.30465 155.634 274.728 197.709 0 0 0
A619  ep = 2450400.5
3.80263 0.0847244 1.62297 205.213 308.714 295.759 0 0 0
A620  ep = 2450400.5
2.85811 0.0716349 0.677666 353.376 87.471 248.256 0 0 0
A621  ep = 2450400.5
3.37058 0.0162884 1.59456 260.996 277.067 297.56 0 0 0
A622  ep = 2450400.5
3.76112 0.080953 1.76498 209.677 210.247 242.269 0 0 0
A623  ep = 2450400.5
3.48329 0.0744957 5.49191 198.242 263.944 347.78 0 0 0
A624  ep = 2450400.5
2.75058 0.0653806 8.51918 332.138 7.19649 203.862 0 0 0
A625  ep = 2450400.5
1.60041 0.0873345 0.317181 206.799 176.142 68.0976 0 0 0
A626  ep = 2450400.5
3.23558 0.0405048 5.63439 328.822 313.01 189.502 0 0 0
A627  ep = 2450400.5
1.80541 0.0472274 8.51448 341.239 308.804 96.5452 0 0 0
A628  ep = 2450400.5
1.87883 0.0503841 0.0557481 161.333 319.562 265.164 0 0 0
A629  ep = 2450400.5
2.80882 0.000990952 3.54938 135.794 354.572 293.931 0 0 0
A630  ep = 2450400.5
2.69486 0.00671102 0.92128 70.2501 80.2117 276.575 0 0 0
A631  ep = 2450400.5
2.04289 0.0549841 0.185334 23.0525 33.7203 165.785 0 0 0
A632  ep = 2450400.5
1.9547 0.0460358 1.235 14.1155 307.927 331.633 0 0 0
A633  ep = 2450400.5
3.48732 0.0984896 3.14721 197.902 76.3134 326.822 0 0 0
A634  ep = 2450400.5
1.60292 0.0193771 8.71608 354.652 356.904 1.5918 0 0 0
A635  ep = 2450400.5
3.29252 0.0114945 6.88847 22.6609 254.429 208.24 0 0 0
A636  ep = 2450400.5
1.69819 0.0371114 5.31269 272.592 65.5781 358.121 0 0 0
A637  ep = 2450400.5
2.50631 0.0563326 9.81884 6.9345 8.42852 327.775 0 0 0
A638  ep = 2450400.5
3.87513 0.0588109 1.33977 111.547 99.8243 157.611 0 0 0
A639  ep = 2450400.5
1.65841 0.0957338 3.98527 296.039 112.549 267.007 0 0 0
A640  ep = 2450400.5
3.03096 0.059626 3.3354 119.658 137.541 233.792 0 0 0
A641  ep = 2450400.5
2.38455 0.0509006 1.86134 230.094 296.418 56.9964 0 0 0
A642  ep = 2450400.5
3.94693 0.0539732 3.28394 8.7654 268.539 31.7862 0 0 0
A643  ep = 2450400.5
3.35912 0.00983032 6.18228 138.854 179.9 350.242 0 0 0
A644  ep = 2450400.5
3.2602 0.0245093 1.27928 50.354 229.894 242.251 0 0 0
A645  ep = 2450400.5
3.47498 0.0696733 8.98545 335.338 124.259 170.268 0 0 0
A646  ep = 2450400.5
3.06042 0.00497724 2.5253 323.598 263.161 82.7619 0 0 0
A647  ep = 2450400.5
3.83449 0.0701517 4.40367 152.905 273.658 304.39 0 0 0
A648  ep = 2450400.5
2.79199 0.0533541 5.22749 234.265 205.203 27.3049 0 0 0
A649  ep = 2450400.5
4.05628 0.0579051 9.10578 261.827 40.0599 129.07 0 0 0
A650  ep = 2450400.5
2.17486 0.00617828 0.382747 255.378 339.634 38.9037 0 0 0
A651  ep = 2450400.5
2.53304 0.0365913 0.893626 199.953 4.22917 317.649 0 0 0
A652  ep = 2450400.5
4.04013 0.0839657 9.11253 328.994 135.382 287.49 0 0 0
A653  ep = 2450400.5
3.13147 0.0380461 8.40186 175.142 270.891 308.355 0 0 0
A654  ep = 2450400.5
2.19835 0.0275747 3.4868 123.766 254.705 322.082 0 0 0
A655  ep = 2450400.5
2.0444 0.0256761 3.37552 53.8989 243.487 178.534 0 0 0
A656  ep = 2450400.5
2.17361 0.0622982 3.45853 279.539 0.491422 330.775 0 0 0
A657  ep = 2450400.5
3.20578 0.0884148 2.8684 312.055 318.003 47.6546 0 0 0
A658  ep = 2450400.5
2.01863 0.0526357 5.47898 324 203.502 257.207 0 0 0
A659  ep = 2450400.5
2.9339 0.0213784 5.06428 299.77 159.21 272.956 0 0 0
A660  ep = 2450400.5
3.32402 0.00377941 6.20589 47.4178 240.837 62.7962 0 0 0
A661  ep = 2450400.5
2.62124 0.0775291 4.31278 274.935 1.58082 292.26 0 0 0
A662  ep = 2450400.5
2.62246 0.00725166 2.78635 120.202 302.705 100.121 0 0 0
A663  ep = 2450400.5
3.47163 0.0922744 4.55617 57.3352 71.4695 98.6357 0 0 0
A664  ep = 2450400.5
3.93168 0.0184382 0.900277 140.681 319.349 62.5476 0 0 0
A665  ep = 2450400.5
1.89273 0.0713215 6.99878 339.244 132.9 325.39 0 0 0
A666  ep = 2450400.5
2.58631 0.0621408 3.00382 233.918 218.61 354.469 0 0 0
A667  ep = 2450400.5
2.13618 0.0394812 5.6087 195.338 164.35 321.23 0 0 0
A668  ep = 2450400.5
1.75369 0.00304904 9.45284 132.984 20.5947 309.349 0 0 0
A669  ep = 2450400.5
2.89627 0.0799806 0.33193 139.077 10.5322 199.704 0 0 0
A670  ep = 2450400.5
2.07088 0.0539516 6.64275 344.656 214.18 125.42 0 0 0
A671  ep = 2450400.5
1.7442 0.0907257 0.273423 180.283 320.474 31.6835 0 0 0
A672  ep = 2450400.5
2.30099 0.0133263 3.74672 281.505 86.7986 85.4396 0 0 0
A673  ep = 2450400.5
1.59108 0.0182516 7.54929 299.548 249.358 294.518 0 0 0
A674  ep = 2450400.5
3.16079 0.0338675 7.10431 233.765 334.92 89.8807 0 0 0
A675  ep = 2450400.5
1.94862 0.0188644 7.53322 131.895 121.271 42.0054 0 0 0
A676  ep = 2450400.5
3.256 0.0551601 1.75115 150.879 160.103 169.079 0 0 0
A677  ep = 2450400.5
3.81534 0.0585991 7.75673 340.125 93.6789 79.5352 0 0 0
A678  ep = 2450400.5
3.68165 0.021998 1.20954 69.8796 250.388 179.299 0 0 0
A679  ep = 2450400.5
2.8969 0.00613914 4.80592 220.49 122.949 235.337 0 0 0
A680  ep = 2450400.5
3.34226 0.0403535 5.20769 132.715 196.638 201.554 0 0 0
A681  ep = 2450400.5
2.26665 0.0471518 6.80109 236.285 296.72 132.859 0 0 0
A682  ep = 2450400.5
2.73011 0.0792839 3.25039 36.1292 71.5926 17.8911 0 0 0
A683  ep = 2450400.5
3.79719 0.03649 4.87828 347.644 324.314 188.714 0 0 0
A684  ep = 2450400.5
3.32772 0.00554758 1.38094 270.596 163.543 189.824 0 0 0
A685  ep = 2450400.5
2.08867 0.0392654 2.33774 196.474 103.563 327.073 0 0 0
A686  ep = 2450400.5
2.12918 0.0909957 6.65023 209.094 192.885 243.452 0 0 0
A687  ep = 2450400.5
1.55439 0.0569143 7.58456 20.7001 106.384 186.405 0 0 0
A688  ep = 2450400.5
2.58847 0.0835147 3.32157 227.518 27.2841 116.027 0 0 0
A689  ep = 2450400.5
3.09324 0.0703443 3.76452 193.06 188.204 27.7272 0 0 0
A690  ep = 2450400.5
2.56126 0.030384 4.63957 135.444 204.012 352.095 0 0 0
A691  ep = 2450400.5
3.69557 0.00810141 8.60409 332.913 106.764 300.214 0 0 0
A692  ep = 2450400.5
3.09184 0.029585 6.35317 281.715 283.265 93.2547 0 0 0
A693  ep = 2450400.5
3.46354 0.0502032 8.64771 321.795 238.966 354.211 0 0 0
A694  ep = 2450400.5
2.74574 0.0116172 1.49766 23.6671 343.46 212.922 0 0 0
A695  ep = 2450400.5
2.41047 0.00710492 4.12354 85.9531 108.079 2.96184 0 0 0
A696  ep = 2450400.5
2.38992 0.0535062 4.79136 65.1102 288.854 237.757 0 0 0
A697  ep = 2450400.5
3.42165 0.0673389 6.65245 231.355 140.238 338.017 0 0 0
A698  ep = 2450400.5
3.76674 0.0428122 5.45207 279.382 283.366 258.927 0 0 0
A699  ep = 2450400.5
4.05984 0.0182992 7.53874 116.418 186.866 110.403 0 0 0
A700  ep = 2450400.5
3.21997 0.063903 2.18401 184.814 355.543 260.327 0 0 0
A701  ep = 2450400.5
2.48239 0.0378591 9.98269 10.1744 92.4321 209.473 0 0 0
A702  ep = 2450400.5
1.83111 0.0840608 5.09456 74.9768 186.506 255.077 0 0 0
A703  ep = 2450400.5
1.66013 0.000184866 2.07044 82.9497 36.884 127.621 0 0 0
A704  ep = 2450400.5
1.99369 0.0975568 1.37579 16.1725 89.8171 211.553 0 0 0
A705  ep = 2450400.5
2.544 0.0691344 5.42489 154.478 85.6734 112.135 0 0 0
A706  ep = 2450400.5
2.56678 0.0986351 3.60055 234.374 90.4241 224.832 0 0 0
A707  ep = 2450400.5
3.19466 0.0557499 0.893177 282.619 323.841 91.7403 0 0 0
A708  ep = 2450400.5
3.442 0.00688667 5.44231 358.747 209.567 321.632 0 0 0
A709  ep = 2450400.5
2.68922 0.0468623 4.14369 82.8805 267.201 231.305 0 0 0
A710  ep = 2450400.5
2.26629 0.0329162 1.22364 303.421 312.254 327.867 0 0 0
A711  ep = 2450400.5
3.17314 0.0722227 6.4725 111.953 344.589 19.924 0 0 0
A712  ep = 2450400.5
3.05922 0.076695 5.12124 240.879 63.2974 39.3164 0 0 0
A713  ep = 2450400.5
3.99792 0.00694512 4.26585 309.969 116.545 42.3758 0 0 0
A714  ep = 2450400.5
2.02768 0.0907259 4.30208 136.31 50.4679 345.961 0 0 0
A715  ep = 2450400.5
2.68559 0.012836 2.34979 309.267 178.989 8.21583 0 0 0
A716  ep = 2450400.5
3.19046 0.0849528 6.01236 248.325 253.937 84.9528 0 0 0
A717  ep = 2450400.5
3.62113 0.069265 3.36134 352.08 219.636 251.019 0 0 0
A718  ep = 2450400.5
2.66973 0.0124327 5.55566 255.197 54.799 40.0011 0 0 0
A719  ep = 2450400.5
3.92525 0.0776066 4.33429 22.314 201.178 356.045 0 0 0
A720  ep = 2450400.5
2.99549 0.0384413 2.82927 307.854 213.939 146.168 0 0 0
A721  ep = 2450400.5
1.69641 0.0179625 9.96009 185.488 39.3723 73.9111 0 0 0
A722  ep = 2450400.5
3.07198 0.0574795 9.57763 278.413 289.358 341.492 0 0 0
A723  ep = 2450400.5
3.86858 0.0228316 1.29961 224.757 189.811 25.2623 0 0 0
A724  ep = 2450400.5
1.82002 0.0301301 0.960896 35.8122 298.574 296.911 0 0 0
A725  ep = 2450400.5
1.83642 0.00582791 8.49626 166.55 161.737 209.895 0 0 0
A726  ep = 2450400.5
2.32118 0.0241145 8.92424 77.724 255.345 171.46 0 0 0
A727  ep = 2450400.5
2.90352 0.0983955 4.33301 220.364 49.3177 133.013 0 0 0
A728  ep = 2450400.5
1.85549 0.0889809 2.0202 63.7101 103.095 53.9477 0 0 0
A729  ep = 2450400.5
1.52772 0.0432554 5.93856 334.585 271.952 158.181 0 0 0
A730  ep = 2450400.5
2.69034 0.0267742 4.93285 63.1585 344.244 173.928 0 0 0
A731  ep = 2450400.5
1.70614 0.0892255 5.13163 349.864 154.828 101.353 0 0 0
A732  ep = 2450400.5
1.76395 0.0196229 6.01448 132.973 22.9796 341.94 0 0 0
A733  ep = 2450400.5
3.4749 0.0793075 0.216179 16.9693 158.473 88.4331 0 0 0
A734  ep = 2450400.5
2.23055 0.030461 2.58116 4.09264 16.0558 313.554 0 0 0
A735  ep = 2450400.5
2.76 0.0897828 4.80336 47.9748 314.177 336.85 0 0 0
A736  ep = 2450400.5
2.09851 0.0330873 0.977755 194.397 161.215 142.975 0 0 0
A737  ep = 2450400.5
2.88893 0.0315763 3.02502 130.218 89.091 324.038 0 0 0
A738  ep = 2450400.5
1.75153 0.0170326 4.66163 325.255 124.598 190.689 0 0 0
A739  ep = 2450400.5
3.84427 0.0788806 8.47083 298.752 187.948 315.321 0 0 0
A740  ep = 2450400.5
1.76971 0.090499 1.17429 44.0611 184.523 220.281 0 0 0
A741  ep = 2450400.5
3.42518 0.0194482 8.66633 31.2857 130.387 148.004 0 0 0
A742  ep = 2450400.5
1.97328 0.0727795 5.05619 236.503 105.306 133.17 0 0 0
A743  ep = 2450400.5
3.29402 0.00147739 9.3055 174.58 222.465 294.236 0 0 0
A744  ep = 2450400.5
2.30207 0.0425566 7.48441 92.7794 44.0296 272.668 0 0 0
A745  ep = 2450400.5
2.0313 0.0441837 9.96203 2.62462 237.949 195.491 0 0 0
A746  ep = 2450400.5
1.62868 0.0652778 4.23167 304.409 217.834 351.997 0 0 0
A747  ep = 2450400.5
2.7522 0.0591607 2.13864 188.373 234.392 16.9553 0 0 0
A748  ep = 2450400.5
2.38473 0.0319419 4.48251 128.417 172.157 195.391 0 0 0
A749  ep = 2450400.5
2.10356 0.0685357 3.79811 290.342 198.597 344.545 0 0 0
A750  ep = 2450400.5
2.19318 0.0083273 5.5692 174.149 164.609 294.025 0 0 0
A751  ep = 2450400.5
1.65073 0.0344093 9.17901 116.362 53.116 340.563 0 0 0
A752  ep = 2450400.5
3.7738 0.00654828 2.56974 285.059 184 19.3796 0 0 0
A753  ep = 2450400.5
3.71884 0.0173944 1.48415 191.683 338.193 191.218 0 0 0
A754  ep = 2450400.5
2.88293 0.0486948 3.12885 61.1092 297.859 264.286 0 0 0
A755  ep = 2450400.5
1.76674 0.0602234 3.74357 273.471 27.8301 88.2843 0 0 0
A756  ep = 2450400.5
2.96002 0.0782645 6.91733 53.7162 243.833 196.067 0 0 0
A757  ep = 2450400.5
3.47738 0.0856974 5.16556 194.021 357.572 357.808 0 0 0
A758  ep = 2450400.5
2.16775 0.0554135 0.339387 80.4909 103.416 50.662 0 0 0
A759  ep = 2450400.5
3.34445 0.0599806 3.94612 191.691 177.652 79.215 0 0 0
A760  ep = 2450400.5
2.74904 0.0866567 2.3841 215.562 210.601 335.816 0 0 0
A761  ep = 2450400.5
3.99165 0.00132999 1.53112 2.1767 242.243 125.456 0 0 0
A762  ep = 2450400.5
2.85009 0.021577 9.43922 116.729 205.538 313.052 0 0 0
A763  ep = 2450400.5
2.86159 0.0734088 1.81009 160.487 146.995 340.111 0 0 0
A764  ep = 2450400.5
2.80857 0.0276235 8.68419 178.069 58.8386 332.943 0 0 0
A765  ep = 2450400.5
1.85494 0.0017238 4.71954 190.969 283.177 354.668 0 0 0
A766  ep = 2450400.5
3.16932 0.027308 7.6632 233.162 171.413 240.616 0 0 0
A767  ep = 2450400.5
3.44945 0.0829335 1.64058 286.936 251.066 315.701 0 0 0
A768  ep = 2450400.5
1.85902 0.0439271 2.83058 188.203 112.794 212.588 0 0 0
A769  ep = 2450400.5
1.92637 0.0213142 0.270304 193.021 214.291 11.9617 0 0 0
A770  ep = 2450400.5
2.30702 0.0642562 3.53386 358.254 32.9246 295.612 0 0 0
A771  ep = 2450400.5
1.54605 0.0973192 5.44279 188.267 287.379 175.703 0 0 0
A772  ep = 2450400.5
3.65893 0.0730231 3.98821 19.9167 153.417 281.171 0 0 0
A773  ep = 2450400.5
2.0067 0.0249075 7.20325 37.2018 0.892297 51.8575 0 0 0
A774  ep = 2450400.5
2.14008 0.0326029 3.57223 119.463 21.6958 343.128 0 0 0
A775  ep = 2450400.5
3.25944 0.0297032 8.21673 134.936 343.964 109.855 0 0 0
A776  ep = 2450400.5
2.44115 0.0896261 1.46309 255.815 349.418 274.431 0 0 0
A777  ep = 2450400.5
1.9813 0.071274 3.02013 73.3537 216.078 39.3801 0 0 0
A778  ep = 2450400.5
3.43101 0.0360494 5.82799 141.103 195.51 326.492 0 0 0
A779  ep = 2450400.5
3.2824 0.0459015 6.65833 35.7318 141.006 216.358 0 0 0
A780  ep = 2450400.5
1.84286 0.0959714 8.91855 53.1466 50.167 296.55 0 0 0
A781  ep = 2450400.5
3.37693 0.0385915 7.06663 130.846 121.541 217.919 0 0 0
A782  ep = 2450400.5
2.13384 0.0890928 1.82254 256.627 306.22 329.533 0 0 0
A783  ep = 2450400.5
3.9222 0.0928047 8.67826 349.693 297.969 92.0159 0 0 0
A784  ep = 2450400.5
2.29577 0.0960112 4.60914 227.513 225.157 158.958 0 0 0
A785  ep = 2450400.5
2.92352 0.0852448 2.10039 197.401 162.909 355.043 0 0 0
A786  ep = 2450400.5
2.02496 0.0728442 4.92933 77.9548 337.698 133.067 0 0 0
A787  ep = 2450400.5
4.07347 0.0917022 2.39355 168.475 319.825 268.295 0 0 0
A788  ep = 2450400.5
2.95528 0.000775739 5.37843 320.056 323.484 105.91 0 0 0
A789  ep = 2450400.5
3.52056 0.0160886 3.01124 157.045 241.811 271.901 0 0 0
A790  ep = 2450400.5
2.37042 0.0713877 2.12587 332.822 27.9903 202.744 0 0 0
A791  ep = 2450400.5
2.49623 0.00155646 6.5949 31.5738 252.152 321.311 0 0 0
A792  ep = 2450400.5
1.61948 0.0691202 9.02784 195.191 70.7895 322.404 0 0 0
A793  ep = 2450400.5
4.02219 0.0737062 9.79295 66.6974 50.9083 168.047 0 0 0
A794  ep = 2450400.5
2.88784 0.0184703 8.30496 250.316 246.019 234.289 0 0 0
A795  ep = 2450400.5
3.6496 0.0893373 8.92109 257.81 284.551 53.55 0 0 0
A796  ep = 2450400.5
2.3137 0.0602364 1.92569 26.0805 261.393 181.123 0 0 0
A797  ep = 2450400.5
3.34601 0.0681385 1.03194 330.008 186.252 202.452 0 0 0
A798  ep = 2450400.5
1.76432 0.0147899 3.73463 175.947 204.5 43.4944 0 0 0
A799  ep = 2450400.5
3.52408 0.0696949 3.62161 250.593 269.048 301.385 0 0 0
A800  ep = 2450400.5
2.7583 0.0659632 3.44332 27.8661 145.427 351.769 0 0 0
A801  ep = 2450400.5
1.93278 0.0183746 1.21695 25.9257 286.161 141.624 0 0 0
A802  ep = 2450400.5
2.08902 0.0886852 1.316 137.827 187.359 218.035 0 0 0
A803  ep = 2450400.5
2.05788 0.0337809 4.56033 201.727 100.58 34.459 0 0 0
A804  ep = 2450400.5
3.05876 0.0772982 3.50651 31.505 210.511 153.235 0 0 0
A805  ep = 2450400.5
3.36334 0.0921436 7.583 60.4335 149.764 78.0181 0 0 0
A806  ep = 2450400.5
2.56999 0.0654658 7.84355 352.646 234.621 232.259 0 0 0
A807  ep = 2450400.5
1.82984 0.000790015 1.77788 105.313 333.928 145.084 0 0 0
A808  ep = 2450400.5
3.32055 0.0031202 0.412548 53.145 147.193 91.6385 0 0 0
A809  ep = 2450400.5
3.82948 0.0829699 7.7559 259.289 276.534 118.141 0 0 0
A810  ep = 2450400.5
3.99157 0.0212409 5.95126 244.753 315.751 351.713 0 0 0
A811  ep = 2450400.5
3.882 0.0372599 4.26586 177.043 46.3356 83.588 0 0 0
A812  ep = 2450400.5
2.80538 0.049458 1.41164 183.75 118.391 253.248 0 0 0
A813  ep = 2450400.5
3.42092 0.0321481 8.13939 180.017 139.693 101.301 0 0 0
A814  ep = 2450400.5
2.05032 0.0639753 1.3317 335.859 284.678 29.5808 0 0 0
A815  ep = 2450400.5
2.71941 0.0744665 3.58518 253.241 307.057 63.2051 0 0 0
A816  ep = 2450400.5
1.54824 0.0409826 1.94413 288.187 276.19 357.492 0 0 0
A817  ep = 2450400.5
3.64386 0.0811789 2.73789 253.496 7.7291 345.936 0 0 0
A818  ep = 2450400.5
2.2961 0.0118086 7.67469 349.92 348.902 11.3224 0 0 0
A819  ep = 2450400.5
3.16087 0.055586 0.338417 272.38 236.795 282.984 0 0 0
A820  ep = 2450400.5
2.08053 0.0720989 0.663327 127.719 316.289 181.158 0 0 0
A821  ep = 2450400.5
2.42413 0.002648 3.04862 226.927 285.401 65.9442 0 0 0
A822  ep = 2450400.5
3.33253 0.0260219 1.50333 107.102 155.461 188.084 0 0 0
A823  ep = 2450400.5
3.77733 0.0281861 3.23233 254.619 257.995 225.543 0 0 0
A824  ep = 2450400.5
2.13438 0.0317301 9.87683 310.784 20.2483 329.262 0 0 0
A825  ep = 2450400.5
3.2225 0.0577122 9.68111 250.71 300.797 228.084 0 0 0
A826  ep = 2450400.5
2.80424 0.0913787 1.02006 96.1444 42.2952 101.047 0 0 0
A827  ep = 2450400.5
1.83744 0.0295451 7.63831 43.2167 316.163 335.962 0 0 0
A828  ep = 2450400.5
3.77309 0.0164791 1.65057 296.324 168.329 54.5096 0 0 0
A829  ep = 2450400.5
3.55119 0.0201716 4.2445 277.515 16.2098 225.255 0 0 0
A830  ep = 2450400.5
2.914 0.04623 1.87997 50.7664 267.054 18.8779 0 0 0
A831  ep = 2450400.5
2.44242 0.0972716 9.42951 198.334 11.1272 196.614 0 0 0
A832  ep = 2450400.5
3.23963 0.0151377 8.18958 145.453 85.1445 94.5097 0 0 0
A833  ep = 2450400.5
2.71757 0.0742667 8.99976 187.788 148.02 127.938 0 0 0
A834  ep = 2450400.5
3.19216 0.0861211 0.371006 269.805 96.1497 197.547 0 0 0
A835  ep = 2450400.5
1.76965 0.0676553 4.82655 88.4139 230.656 186.63 0 0 0
A836  ep = 2450400.5
2.03109 0.00635517 3.11375 10.0102 318.602 141.121 0 0 0
A837  ep = 2450400.5
2.12736 0.0141084 7.1921 38.9674 3.84226 140.801 0 0 0
A838  ep = 2450400.5
2.78973 0.0614925 3.04604 28.7834 222.997 76.8734 0 0 0
A839  ep = 2450400.5
3.72524 0.0911435 3.49444 311.763 357.99 327.01 0 0 0
A840  ep = 2450400.5
2.02804 0.0320009 3.39098 118.712 326.191 212.616 0 0 0
A841  ep = 2450400.5
1.63979 0.0923237 7.84046 177.369 329.385 225.785 0 0 0
A842  ep = 2450400.5
3.58492 0.0253202 3.57164 243.771 39.147 179.003 0 0 0
A843  ep = 2450400.5
1.92619 0.0485308 1.56443 201.454 292.378 349.477 0 0 0
A844  ep = 2450400.5
2.58046 0.0969829 5.91706 186.74 357.457 324.326 0 0 0
A845  ep = 2450400.5
4.06737 0.00971205 2.30402 17.851 115.132 24.2445 0 0 0
A846  ep = 2450400.5
1.88465 0.025046 0.480537 10.3739 232.136 49.5667 0 0 0
A847  ep = 2450400.5
3.34117 0.0190427 3.49845 188.284 158.897 30.1738 0 0 0
A848  ep = 2450400.5
3.77103 0.0602191 5.02111 208.788 239.554 59.5487 0 0 0
A849  ep = 2450400.5
2.32237 0.0245929 1.33009 264.679 234.44 178.204 0 0 0
A850  ep = 2450400.5
2.86096 0.0907092 1.49094 146.945 90.8695 121.099 0 0 0
A851  ep = 2450400.5
2.57574 0.0341384 4.63803 350.463 156.314 84.8933 0 0 0
A852  ep = 2450400.5
1.67345 0.0225859 4.0193 264.64 253.96 207.634 0 0 0
A853  ep = 2450400.5
2.65524 0.0912689 0.566126 83.5099 34.369 84.7469 0 0 0
A854  ep = 2450400.5
2.2274 0.080205 0.0495753 95.0727 289.278 88.9644 0 0 0
A855  ep = 2450400.5
1.85629 0.0357671 3.37359 12.548 206.176 313.213 0 0 0
A856  ep = 2450400.5
3.34586 0.00294063 5.23143 157.384 30.1832 2.74435 0 0 0
A857  ep = 2450400.5
1.57848 0.0419768 0.0469077 26.8342 136.733 89.9477 0 0 0
A858  ep = 2450400.5
2.38757 0.0310799 9.59084 233.34 138.041 317.85 0 0 0
A859  ep = 2450400.5
2.52264 0.0747933 1.51475 327.085 150.232 330.02 0 0 0
A860  ep = 2450400.5
3.35501 0.032824 4.73689 69.4095 45.2394 73.404 0 0 0
A861  ep = 2450400.5
2.55894 0.0262809 3.0302 124.971 335.614 319.822 0 0 0
A862  ep = 2450400.5
1.57195 0.0396958 2.66707 266.694 45.5806 81.5141 0 0 0
A863  ep = 2450400.5
3.84749 0.0655445 0.0579008 153.141 189.602 167.223 0 0 0
A864  ep = 2450400.5
1.87212 0.00658781 9.21316 8.39269 207.002 252.249 0 0 0
A865  ep = 2450400.5
3.79456 0.0596878 3.73134 190.831 265.983 252.191 0 0 0
A866  ep = 2450400.5
1.73681 0.020492 6.08836 170.011 291.25 247.805 0 0 0
A867  ep = 2450400.5
2.32687 0.0055015 9.63653 255.972 16.4446 217.859 0 0 0
A868  ep = 2450400.5
1.96914 0.0457214 4.38964 334.503 279.864 237.081 0 0 0
A869  ep = 2450400.5
2.97073 0.0208987 9.43997 252.604 68.9832 301.055 0 0 0
A870  ep = 2450400.5
3.84584 0.0215777 4.56082 340.569 175.142 283.984 0 0 0
A871  ep = 2450400.5
2.08985 0.0205866 5.98227 329.633 269.947 154.718 0 0 0
A872  ep = 2450400.5
2.65729 0.0826513 0.196168 143.533 254.543 248.451 0 0 0
A873  ep = 2450400.5
3.49339 0.0674772 4.89489 144.817 301.069 243.236 0 0 0
A874  ep = 2450400.5
3.55777 0.0521643 3.25262 139.812 334.693 24.4631 0 0 0
A875  ep = 2450400.5
4.04454 0.0457575 5.45539 30.8514 285.783 161.541 0 0 0
A876  ep = 2450400.5
2.42087 0.0590838 4.20851 203.441 94.3855 78.4628 0 0 0
A877  ep = 2450400.5
3.16883 0.0716651 7.74764 82.0378 98.284 265.041 0 0 0
A878  ep = 2450400.5
1.65806 0.0109695 8.63689 151.016 14.0304 4.49139 0 0 0
A879  ep = 2450400.5
3.56364 0.0293233 9.36809 291.666 227.655 247.149 0 0 0
A880  ep = 2450400.5
1.65535 0.0023355 7.5271 64.7509 93.1806 18.0049 0 0 0
A881  ep = 2450400.5
2.86732 0.0945949 5.56655 132.327 42.1569 179.456 0 0 0
A882  ep = 2450400.5
3.54429 0.0128128 5.45523 209.191 59.8239 129.827 0 0 0
A883  ep = 2450400.5
3.03369 0.0162225 6.51788 149.517 272.998 336.174 0 0 0
A884  ep = 2450400.5
2.52005 0.0168752 1.21535 156.665 2.9746 225.003 0 0 0
A885  ep = 2450400.5
2.90774 0.000316635 8.21688 274.953 222.057 57.8064 0 0 0
A886  ep = 2450400.5
3.56628 0.0205661 4.54451 176.729 66.3397 258.229 0 0 0
A887  ep = 2450400.5
2.67314 0.0388469 9.99649 20.6298 118.144 327 0 0 0
A888  ep = 2450400.5
2.84003 0.070055 2.13758 80.4714 59.2151 288.271 0 0 0
A889  ep = 2450400.5
1.90518 0.0292943 1.48714 312.384 224.237 307.585 0 0 0
A890  ep = 2450400.5
2.30226 0.0502667 0.325111 79.558 249.849 60.5225 0 0 0
A891  ep = 2450400.5
2.63146 0.0563213 6.91344 105.018 36.4497 290.339 0 0 0
A892  ep = 2450400.5
3.8719 0.0115985 3.35447 229.48 350.614 65.0514 0 0 0
A893  ep = 2450400.5
3.10515 0.0500696 5.19785 190.24 84.0059 304.247 0 0 0
A894  ep = 2450400.5
3.62541 0.0220322 8.9483 328.283 20.7595 220.187 0 0 0
A895  ep = 2450400.5
2.41123 0.0926388 9.80122 246.383 194.101 126.01 0 0 0
A896  ep = 2450400.5
2.61456 0.0337222 7.69565 250.799 163.91 199.496 0 0 0
A897  ep = 2450400.5
3.03093 0.0190302 9.39939 91.6694 144.126 27.6666 0 0 0
A898  ep = 2450400.5
3.1945 0.0383736 3.44472 6.37271 10.8721 43.1409 0 0 0
A899  ep = 2450400.5
1.8206 0.0386734 0.831555 111.419 336.165 61.4259 0 0 0
A900  ep = 2450400.5
1.50086 0.0742792 3.10474 63.6398 159.563 67.0108 0 0 0
A901  ep = 2450400.5
1.57444 0.0527422 5.38344 50.8513 318.439 35.6461 0 0 0
A902  ep = 2450400.5
2.36872 0.0471589 9.00464 170.027 304.199 318.427 0 0 0
A903  ep = 2450400.5
1.6107 0.0125818 3.6195 176.663 68.4181 243.726 0 0 0
A904  ep = 2450400.5
3.86332 0.095938 0.295393 276.034 42.7673 173.511 0 0 0
A905  ep = 2450400.5
3.84374 0.041763 8.10442 6.97052 153.654 240.206 0 0 0
A906  ep = 2450400.5
3.55253 0.0161916 4.31936 14.0377 240.483 219.681 0 0 0
A907  ep = 2450400.5
3.7891 0.0200319 0.759111 216.798 138.685 84.6292 0 0 0
A908  ep = 2450400.5
2.22147 0.0277662 6.67242 125.673 235.125 256.138 0 0 0
A909  ep = 2450400.5
3.66225 0.0826852 4.90958 73.286 11.8141 271.009 0 0 0
A910  ep = 2450400.5
3.24488 0.0512119 5.18328 57.3341 89.074 200.298 0 0 0
A911  ep = 2450400.5
2.70196 0.0937116 2.11337 101.959 63.7861 249.51 0 0 0
A912  ep = 2450400.5
2.86993 0.0793125 8.05963 113.555 299.798 254.431 0 0 0
A913  ep = 2450400.5
4.00421 0.0323501 1.08358 147.929 56.8457 186.188 0 0 0
A914  ep = 2450400.5
3.39304 0.0217968 8.38056 23.2331 37.1012 301.956 0 0 0
A915  ep = 2450400.5
3.65764 0.0875574 7.7803 76.7549 110.764 258.42 0 0 0
A916  ep = 2450400.5
4.04371 0.0246539 9.57471 199.978 25.3606 220.042 0 0 0
A917  ep = 2450400.5
2.72989 0.052744 6.67921 215.688 97.7786 146.556 0 0 0
A918  ep = 2450400.5
2.33849 0.0782102 5.78817 94.5765 300.629 208.357 0 0 0
A919  ep = 2450400.5
3.71254 0.0640163 6.22479 194.002 213.955 310.174 0 0 0
A920  ep = 2450400.5
3.58292 0.0670058 1.66212 352.032 45.3903 342.916 0 0 0
A921  ep = 2450400.5
2.16301 0.0788631 0.522477 121.359 44.3412 231.626 0 0 0
A922  ep = 2450400.5
2.54841 0.0618856 3.11919 357.021 109.336 227.212 0 0 0
A923  ep = 2450400.5
3.46019 0.0806286 4.25063 151.962 344.973 357.312 0 0 0
A924  ep = 2450400.5
3.83247 0.0500591 4.43047 56.4241 45.3773 280.444 0 0 0
A925  ep = 2450400.5
2.65227 0.0302001 1.73601 214.266 35.3243 94.606 0 0 0
A926  ep = 2450400.5
1.52024 0.0762118 4.92173 148.744 64.81 31.8249 0 0 0
A927  ep = 2450400.5
3.65905 0.0365268 1.05407 151.559 209.474 95.6678 0 0 0
A928  ep = 2450400.5
3.80086 0.0928325 1.35955 248.483 202.496 271.471 0 0 0
A929  ep = 2450400.5
3.36514 0.042675 3.3956 109.614 245.15 312.582 0 0 0
A930  ep = 2450400.5
3.20684 0.0829711 5.94546 96.0496 75.1561 64.562 0 0 0
A931  ep = 2450400.5
2.96779 0.0411885 3.54342 230.288 312.092 26.2007 0 0 0
A932  ep = 2450400.5
3.63186 0.0189583 3.31993 238.991 28.6555 76.5476 0 0 0
A933  ep = 2450400.5
2.00069 0.0344812 2.25285 337.759 100.526 265.857 0 0 0
A934  ep = 2450400.5
2.72773 0.0305162 1.86119 102.036 356.414 185.144 0 0 0
A935  ep = 2450400.5
1.88419 0.0264499 6.43997 311.825 86.8824 326.062 0 0 0
A936  ep = 2450400.5
3.77875 0.0464626 4.97621 89.3732 147.151 73.906 0 0 0
A937  ep = 2450400.5
3.27966 0.0895419 1.30224 24.679 130.165 273.032 0 0 0
A938  ep = 2450400.5
2.66938 0.0721591 0.779927 12.8269 85.2031 74.4403 0 0 0
A939  ep = 2450400.5
1.96792 0.00766206 9.76181 160.851 340.847 61.3437 0 0 0
A940  ep = 2450400.5
2.21757 0.0650747 8.09954 350.391 178.808 208.381 0 0 0
A941  ep = 2450400.5
3.96666 0.0452818 4.51985 343.487 343.27 130.849 0 0 0
A942  ep = 2450400.5
1.95689 0.00826815 8.628 254.913 158.542 81.0599 0 0 0
A943  ep = 2450400.5
2.44941 0.0718726 7.6343 119.21 222.866 127.181 0 0 0
A944  ep = 2450400.5
1.73079 0.0300272 0.668689 161.965 80.0182 22.7723 0 0 0
A945  ep = 2450400.5
3.52349 0.0644881 5.51309 249.562 190.151 213.323 0 0 0
A946  ep = 2450400.5
3.89337 0.0682796 6.74757 322.879 105.256 101.084 0 0 0
A947  ep = 2450400.5
2.19657 0.0620926 0.904534 5.12662 119.713 224.313 0 0 0
A948  ep = 2450400.5
3.30608 0.0832876 2.1489 333.629 58.4513 150.593 0 0 0
A949  ep = 2450400.5
3.1801 0.0179899 4.5617 338.704 43.2627 120.358 0 0 0
A950  ep = 2450400.5
1.54535 0.022328 1.66658 21.4998 146.943 230.733 0 0 0
A951  ep = 2450400.5
3.56424 0.048582 8.1845 232.734 225.672 184.076 0 0 0
A952  ep = 2450400.5
2.52701 0.0900693 6.94664 164.666 64.2164 182.044 0 0 0
A953  ep = 2450400.5
2.44802 0.0180255 5.5499 7.7601 311.992 238.652 0 0 0
A954  ep = 2450400.5
3.28364 0.0551332 4.23476 183.693 204.982 202.854 0 0 0
A955  ep = 2450400.5
3.63227 0.0578002 3.47223 265.253 112.861 188.08 0 0 0
A956  ep = 2450400.5
3.83935 0.0448501 8.95192 28.1283 95.7774 142.159 0 0 0
A957  ep = 2450400.5
2.67033 0.00302493 5.39948 114.676 315.582 348.425 0 0 0
A958  ep = 2450400.5
3.81542 0.0855351 0.879256 45.8003 245.975 264.729 0 0 0
A959  ep = 2450400.5
3.18287 0.0281668 1.99237 158.128 252.014 117.013 0 0 0
A960  ep = 2450400.5
2.00829 0.0127262 0.887121 14.6214 334.962 291.367 0 0 0
A961  ep = 2450400.5
1.74732 0.0865751 1.66982 56.5102 108.514 111.735 0 0 0
A962  ep = 2450400.5
1.80338 0.0895334 0.879699 285.589 67.7936 230.061 0 0 0
A963  ep = 2450400.5
2.71676 0.023348 7.10189 270.896 114.307 31.1949 0 0 0
A964  ep = 2450400.5
3.89159 0.0448389 8.07212 127.042 151.947 232.56 0 0 0
A965  ep = 2450400.5
2.10022 0.0934811 6.37336 236.24 238.656 213.812 0 0 0
A966  ep = 2450400.5
2.1739 0.020419 3.81879 226.924 256.331 28.9255 0 0 0
A967  ep = 2450400.5
2.40692 0.0411088 6.16288 332.514 187.798 40.2435 0 0 0
A968  ep = 2450400.5
2.65875 0.0206756 4.95291 79.0072 208.159 312.871 0 0 0
A969  ep = 2450400.5
1.74931 0.0624933 1.24523 164.691 261.968 143.904 0 0 0
A970  ep = 2450400.5
3.4669 0.0797293 2.09925 177.615 238.835 331.358 0 0 0
A971  ep = 2450400.5
3.53058 0.097934 5.76983 329.107 151.341 147.673 0 0 0
A972  ep = 2450400.5
3.83047 0.0762133 2.16479 66.5784 88.9621 9.88952 0 0 0
A973  ep = 2450400.5
1.56753 0.0789288 9.56834 30.265 60.3732 306.75 0 0 0
A974  ep = 2450400.5
3.72024 0.00284529 8.20715 314.888 125.649 287.163 0 0 0
A975  ep = 2450400.5
2.52531 0.0579299 4.27108 75.8019 5.70963 163.826 0 0 0
A976  ep = 2450400.5
3.5529 0.085295 9.52837 35.1043 152.963 265.979 0 0 0
A977  ep = 2450400.5
3.94551 0.0610629 7.83792 250.623 167.945 70.0126 0 0 0
A978  ep = 2450400.5
1.57721 0.0119596 7.05706 201.523 305.148 284.763 0 0 0
A979  ep = 2450400.5
2.12455 0.095491 2.16484 97.0465 179.634 50.7673 0 0 0
A980  ep = 2450400.5
1.72644 0.0334579 2.27629 88.9655 309.579 207.931 0 0 0
A981  ep = 2450400.5
3.48942 0.077901 7.82516 236.663 69.2768 313.663 0 0 0
A982  ep = 2450400.5
4.03372 0.0832881 4.23484 121.175 30.2356 292.143 0 0 0
A983  ep = 2450400.5
3.2682 0.00329153 1.20826 235.163 295.812 333.789 0 0 0
A984  ep = 2450400.5
2.86852 0.0651194 3.61642 87.0559 303.298 316.665 0 0 0
A985  ep = 2450400.5
3.27543 0.0324156 1.0909 259.478 145.999 312.618 0 0 0
A986  ep = 2450400.5
2.98496 0.00549044 2.77849 178.98 226.773 280.138 0 0 0
A987  ep = 2450400.5
3.55298 0.0271209 9.21128 189.742 70.8558 109.899 0 0 0
A988  ep = 2450400.5
4.04849 0.0432117 6.59292 123.32 194.942 223.281 0 0 0
A989  ep = 2450400.5
4.06623 0.0805362 5.71143 137.64 27.8849 148.603 0 0 0
A990  ep = 2450400.5
2.25306 0.0193751 5.37906 328.775 88.881 116.757 0 0 0
A991  ep = 2450400.5
2.31845 0.0926058 8.25258 296.144 135.711 271.929 0 0 0
A992  ep = 2450400.5
1.8796 0.00198506 2.6286 182.313 275.953 122.736 0 0 0
A993  ep = 2450400.5
4.07709 0.0841364 9.81153 273.998 234.597 206.309 0 0 0
A994  ep = 2450400.5
1.92554 0.0429033 5.75727 291.372 278.311 180.143 0 0 0
A995  ep = 2450400.5
1.92822 0.0227909 8.46455 72.9159 268.938 214.411 0 0 0
A996  ep = 2450400.5
3.11023 0.0742592 4.73624 357.842 183.946 288.867 0 0 0
A997  ep = 2450400.5
3.36348 0.00827642 9.01865 119.911 32.8868 116.324 0 0 0
A998  ep = 2450400.5
2.43587 0.0287098 5.25907 53.2341 271.056 6.79429 0 0 0
A999  ep = 2450400.5
3.56999 0.00597767 2.66734 113.076 311.866 132.272 0 0 0
A1000  ep = 2450400.5
2.34794 0.0441397 0.556668 322.58 320.859 78.5458 0 0 0
